
0.9788413098236776
0.9702770780856423
0.9669185558354324
0.956255247691016
0.9551637279596977
0.9492863140218304
0.9468513853904282
0.9392107472712007
0.9345927791771621
0.9303946263643996
0.9283795130142737
0.9225020990764063
0.9222502099076406
0.9225860621326616
0.9228379513014273
0.8980688497061293
0.9020990764063812
0.9017632241813602
0.908816120906801
0.9037783375314862
0.9052896725440807
0.8935348446683459
0.8943744752308984
0.8714525608732158
0.8754827875734676
0.8641477749790092
0.8790931989924433
0.8737195633921074
0.8767422334172964
0.8697732997481108
0.8591939546599496
0.8615449202350965
0.8540722082283795
0.8738874895046179
0.8628883291351805
0.8644836272040303
0.8764903442485307
0.8860621326616289
0.8628043660789253
0.8586901763224182
0.8606213266162889
0.8586901763224182
0.8465994962216624
0.8466834592779178
0.864735516372796
0.8672544080604534
0.8645675902602855
0.8473551637279597
0.8471872376154492
0.8395465994962217
0.8407220822837951
0.8347607052896725
0.84575986565911
0.8588581024349287
0.8486985726280437
0.8473551637279597
0.836943744752309
0.8462636439966414
0.8282955499580185
0.8461796809403862
0.8348446683459277
0.8182199832073888
0.8259445843828715
0.8338371116708648
0.8158690176322418
0.8477749790092359
0.8318219983207389
0.835936188077246
0.8377833753148615
0.8262804366078925
0.8205709487825357
0.8314021830394627
0.8128463476070529
0.8099916036943745
0.8328295549958018
0.8222502099076406
0.8318219983207389
0.8210747271200671
0.7978169605373635
0.829135180520571
0.8408900083963057
0.8092359361880772
0.7979009235936189
0.8142737195633921
0.8157850545759866
0.8139378673383711
0.8190596137699412
0.7985726280436608
0.7984047019311503
0.815281276238455
0.8168765743073048
0.8047858942065491
0.8109151973131822
0.7988245172124265
0.7837111670864819
0.7990764063811923
0.7935348446683459
0.7970612930310663
0.7931150293870697
0.8062972292191436
0.7923593618807725
0.8068849706129303
0.8009235936188077
0.7998320738874896
0.8049538203190596
0.7895885810243493
0.7773299748110831
0.7726280436607893
0.7517212426532326
0.8434928631402183
0.8367758186397984
0.8011754827875734
0.7913518052057095
0.7858102434928631
0.7690176322418136
0.7417296389588581
0.7803526448362721
0.7936188077246011
0.8232577665827037
0.8143576826196474
0.8008396305625525
0.7844668345927792
0.7912678421494542
0.766750629722922
0.7554156171284635
0.8079764903442486
0.7910999160369437
0.7717044500419815
0.7705289672544081
0.7832073887489505
0.790512174643157
0.7955499580184718
0.8010915197313182
0.8072208228379513
0.781696053736356
0.7955499580184718
0.8135180520570949
0.7930310663308144
0.7707808564231738
0.7710327455919396
0.7733837111670865
0.781024349286314
0.8140218303946264
0.7949622166246851
0.7806045340050378
0.7632241813602015
0.7821158690176322
0.7517212426532326
0.802350965575147
0.7876574307304786
0.7801847187237615
0.7944584382871537
0.7879932829554995
0.7840470193115029
0.7661628883291351
0.7678421494542401
0.7441645675902603
0.7314861460957179
0.736607892527288
0.7697732997481108
0.7890848026868178
0.7739714525608732
0.7704450041981528
0.8099916036943745
0.8105793450881612
0.7853904282115869
0.7646515533165408
0.7565071368597817
0.7577665827036104
0.7455919395465995
0.7582703610411419
0.7405541561712846
0.7256087321578506
0.7561712846347607
0.7304785894206549
0.7789252728799329
0.7759026028547439
0.7964735516372796
0.8056255247691015
0.8175482787573468
0.8068849706129303
0.8240973971452561
0.8172124265323257
0.8037783375314862
0.7774139378673384
0.7621326616288833
0.7780856423173803
0.773551637279597
0.755919395465995
0.7675062972292191
0.7565071368597817
0.7394626364399665
0.738287153652393
0.7303106633081444
0.7529806884970613
0.7662468513853904
0.7916036943744752
0.7832913518052057
0.7886649874055416
0.7846347607052897
0.7869017632241814
0.7840470193115029
0.7763224181360201
0.8070528967254408
0.7991603694374475
0.7949622166246851
0.7968933669185558
0.7937027707808564
0.8189756507136859
0.8086481947942905
0.8020990764063812
0.7821158690176322
0.7879093198992443
0.7818639798488665
0.7801007556675063
0.7765743073047859
0.7638958858102435
0.7649034424853065
0.7780856423173803
0.789168765743073
0.7854743912678421
0.7727120067170445
0.765407220822838
0.7708648194794291
0.7643157010915197
0.7422334172963896
0.7319059613769942
0.7279596977329975
0.7370277078085642
0.7146095717884131
0.7232577665827036
0.7420654911838791
0.7492023509655752
0.7596977329974811
0.7507976490344248
0.7729638958858103
0.782367758186398
0.784718723761545
0.7763224181360201
0.7808564231738035
0.7723761544920235
0.7596977329974811
0.7570948782535685
0.7561712846347607
0.7553316540722083
0.7602015113350126
0.7656591099916037
0.753568429890848
0.7526448362720403
0.7372795969773299
0.7770780856423174
0.7711167086481948
0.7626364399664147
0.7570948782535685
0.7484466834592779
0.7455919395465995
0.7366918555835432
0.7350965575146935
0.7316540722082284
0.7438287153652393
0.7561712846347607
0.7502938706968934
0.7558354324097397
0.7417296389588581
0.7429890848026868
0.7507136859781696
0.7446683459277917
0.7387069689336692
0.7353484466834592
0.7400503778337532
0.7395465994962217
0.743073047858942
0.7416456759026029
0.7381192275398825
0.7415617128463476
0.7236775818639799
0.7219983207388749
0.7052057094878253
0.7039462636439966
0.7090680100755667
0.7109151973131822
0.728127623845508
0.7145256087321579
0.7276238455079765
0.7287153652392947
0.728127623845508
0.7047858942065491
0.6990764063811923
0.7020990764063811
0.6811083123425693
0.6619647355163728
0.6885810243492864
0.7096557514693534
0.7062132661628884
0.7066330814441646
0.7070528967254408
0.729806884970613
0.747103274559194
0.753568429890848
0.746095717884131
0.7438287153652393
0.7388748950461796
0.7301427371956339
0.7515533165407221
0.7471872376154493
0.7408060453400503
0.7392107472712006
0.7420654911838791
0.7428211586901763
0.7383711167086482
0.7386230058774139
0.736272040302267
0.7383711167086482
0.7289672544080604
0.7310663308144416
0.7237615449202351
0.7206549118387909
0.7018471872376154
0.7183879093198993
0.705793450881612
0.7167926112510495
0.7149454240134341
0.690176322418136
0.7053736356003358
0.6900083963056255
0.7230058774139378
0.7322418136020151
0.7419815281276239
0.7507136859781696
0.7306465155331654
0.7275398824517213
0.7323257766582704
0.738287153652393
0.7241813602015114
0.7261964735516373
0.7175482787573467
0.7124265323257767
0.697649034424853
0.7042821158690177
0.7036104114189756
0.7051217464315701
0.6890848026868178
0.6921074727120067
0.6927791771620487
0.6855583543240974
0.6869017632241814
0.7193954659949622
0.6984047019311503
0.7053736356003358
0.7105793450881612
0.7375314861460958
0.752225020990764
0.7337531486146096
0.7641477749790092
0.7616288832913518
0.7626364399664147
0.7591099916036944
0.7612930310663308
0.7570948782535685
0.7575986565910999
0.7540722082283795
0.7512174643157011
0.7428211586901763
0.7313182199832073
0.7298908480268682
0.7353484466834592
0.7133501259445844
0.7333333333333333
0.7171284634760705
0.7038623005877414
0.7228379513014274
0.7442485306465155
0.7357682619647355
0.7310663308144416
0.7295549958018472
0.7277078085642318
0.7135180520570948
0.7185558354324098
0.700671704450042
0.7037783375314861
0.6906801007556675
0.6948782535684299
0.6798488664987405
0.6770780856423174
0.6917716204869857
0.6695214105793451
0.6840470193115029
0.6684298908480268
0.6750629722921915
0.6757346767422334
0.6697732997481108
0.6785054575986565
0.6954659949622166
0.6969773299748111
0.7204030226700252
0.7308984047019311
0.7243492863140218
0.7230058774139378
0.7366918555835432
0.7157850545759865
0.7371956339210747
0.7104114189756507
0.7310663308144416
0.717968094038623
0.7136859781696053
0.7173803526448362
0.7141897565071369
0.7316540722082284
0.71696053736356
0.7449202350965575
0.7380352644836272
0.7048698572628044
0.7256087321578506
0.7240134340890009
0.7270361041141897
0.7466834592779177
0.7354324097397146
0.7421494542401343
0.7302267002518892
0.7226700251889169
0.7308984047019311
0.7435768261964736
0.715617128463476
0.7219143576826197
0.7403022670025189
0.754575986565911
0.7476910159529807
0.744416456759026
0.7643157010915197
0.7415617128463476
0.752225020990764
0.7532325776658271
0.7479429051217464
0.7336691855583544
0.7490344248530647
0.7429051217464315
0.7485306465155331
0.7627204030226701
0.7779177162048698
0.7638958858102435
0.7597816960537364
0.75424013434089
0.7561712846347607
0.7597816960537364
0.7523089840470193
0.7543240973971452
0.7586062132661628
0.7544080604534005
0.762384550797649
0.7439126784214946
0.752896725440806
0.7411418975650713
0.7436607892527288
0.7425692695214106
0.7394626364399665
0.7493702770780857
0.7482787573467674
0.7596977329974811
0.7393786733837112
0.7162048698572628
0.7348446683459278
0.718639798488665
0.7329135180520571
0.729806884970613
0.7277078085642318
0.7342569269521411
0.7220822837951302
0.7214105793450881
0.736943744752309
0.7306465155331654
0.7219143576826197
0.7400503778337532
0.736607892527288
0.762048698572628
0.7589420654911839
0.7422334172963896
0.7303946263643997
0.7310663308144416
0.7367758186397985
0.7243492863140218
0.7248530646515533
0.7174643157010915
0.718303946263644
0.7171284634760705
0.7133501259445844
0.7118387909319899
0.7157850545759865
0.7115869017632241
0.7099916036943745
0.7041981528127624
0.7117548278757346
0.7239294710327456
0.725104953820319
0.7141057934508817
0.719983207388749
0.7138539042821158
0.717632241813602
0.7080604534005038
0.7138539042821158
0.7141897565071369
0.7204030226700252
0.7148614609571788
0.7141897565071369
0.7154492023509655
0.7248530646515533
0.7099076406381192
0.7018471872376154
0.7026028547439127
0.7017632241813602
0.7031905961376994
0.6909319899244333
0.6874895046179681
0.6837951301427372
0.6874055415617129
0.6958858102434928
0.6754827875734677
0.6828715365239295
0.6842989084802686
0.6892527287993283
0.7076406381192275
0.7017632241813602
0.7004198152812763
0.7007556675062973
0.6904282115869017
0.6958858102434928
0.6978169605373635
0.7093198992443325
0.691855583543241
0.6987405541561713
0.7107472712006717
0.7034424853064651
0.7042821158690177
0.7089840470193115
0.7083123425692696
0.7031905961376994
0.7085642317380353
0.7202350965575147
0.7204869857262804
0.7142737195633921
0.7154492023509655
0.7085642317380353
0.7005877413937868
0.7364399664147775
0.7283795130142737
0.7225020990764064
0.7319059613769942
0.7286314021830395
0.7204030226700252
0.7148614609571788
0.708816120906801
0.7204869857262804
0.7191435768261965
0.7011754827875735
0.6978169605373635
0.7056255247691016
0.7099076406381192
0.7034424853064651
0.7204030226700252
0.716624685138539
0.728463476070529
0.7201511335012595
0.7037783375314861
0.7129303106633081
0.7073887489504618
0.7048698572628044
0.7146095717884131
0.7089000839630563
0.7035264483627204
0.712174643157011
0.7075566750629723
0.710495382031906
0.7099916036943745
0.6818639798488665
0.678673383711167
0.6832913518052057
0.674895046179681
0.6802686817800168
0.6631402183039463
0.6551637279596977
0.6607892527287993
0.6648194794290512
0.6777497900923594
0.6931150293870697
0.6851385390428212
0.6979009235936188
0.6899244332493703
0.7253568429890848
0.7041981528127624
0.7029387069689337
0.7138539042821158
0.728127623845508
0.7282955499580185
0.7220822837951302
0.7272879932829555
0.7329974811083123
0.7335852225020991
0.7403862300587741
0.72544080604534
0.7378673383711167
0.737951301427372
0.7246011754827876
0.7289672544080604
0.7407220822837951
0.7338371116708649
0.7270361041141897
0.7178841309823678
0.7317380352644837
0.712174643157011
0.7319899244332494
0.7243492863140218
0.7259445843828716
0.7174643157010915
0.7105793450881612
0.7171284634760705
0.7117548278757346
0.7054575986565911
0.7183879093198993
0.6943744752308985
0.7196473551637279
0.7148614609571788
0.7144416456759026
0.7144416456759026
0.7194794290512174
0.7216624685138538
0.7342569269521411
0.7190596137699412
0.7144416456759026
0.7146935348446684
0.7183879093198993
0.7139378673383712
0.7240973971452561
0.716624685138539
0.7109151973131822
0.7142737195633921
0.7157850545759865
0.7015113350125944
0.6987405541561713
0.6975650713685978
0.6809403862300588
0.6955499580184719
0.6937027707808564
0.7125944584382872
0.6999160369437447
0.6941225860621326
0.6930310663308145
0.7061293031066331
0.6917716204869857
0.7024349286314022
0.6888329135180521
0.7028547439126784
0.6939546599496221
0.6938706968933669
0.6955499580184719
0.6932829554995802
0.7132661628883291
0.7182199832073888
0.710831234256927
0.7037783375314861
0.6951301427371956
0.7085642317380353
0.6973971452560873
0.6920235096557514
0.6865659109991604
0.6878253568429891
0.6905121746431571
0.6772460117548279
0.6804366078925272
0.6909319899244333
0.6871536523929471
0.6784214945424013
0.6758186397984887
0.6724601175482787
0.6713685978169606
0.6480268681780017
0.6492023509655751
0.6387909319899244
0.6383711167086482
0.6441645675902603
0.6565910999160369
0.6485306465155332
0.6368597816960537
0.6623005877413938
0.6601175482787573
0.6518052057094879
0.6354324097397145
0.635264483627204
0.6346767422334173
0.653232577665827
0.636943744752309
0.6476910159529807
0.6105793450881613
0.6639798488664987
0.6633081444164568
0.6851385390428212
0.665743073047859
0.6774139378673384
0.6821158690176322
0.652560873215785
0.6500419815281276
0.6504617968094039
0.6696053736356004
0.6679261125104954
0.6845507976490344
0.6932829554995802
0.6672544080604534
0.6988245172124266
0.69151973131822
0.6949622166246852
0.7141897565071369
0.7146935348446684
0.7218303946263644
0.7288832913518052
0.7172124265323258
0.7133501259445844
0.7157010915197313
0.707136859781696
0.7017632241813602
0.7010915197313182
0.7145256087321579
0.6974811083123426
0.6950461796809404
0.6962216624685138
0.6879932829554996
0.6907640638119228
0.6863140218303946
0.6885810243492864
0.6926952141057935
0.6741393786733837
0.6792611251049538
0.6818639798488665
0.6900083963056255
0.6825356842989084
0.6792611251049538
0.6829554995801848
0.6743073047858942
0.6762384550797649
0.6711167086481948
0.6588581024349286
0.6717044500419815
0.671872376154492
0.6686817800167926
0.682031905961377
0.6712846347607053
0.670864819479429
0.6795969773299748
0.6749790092359362
0.6785894206549118
0.6784214945424013
0.6821158690176322
0.6790092359361881
0.6857262804366079
0.6806884970612931
0.6804366078925272
0.6781696053736356
0.6804366078925272
0.672544080604534
0.6712006717044501
0.6685978169605373
0.6785054575986565
0.6804366078925272
0.681696053736356
0.6706968933669185
0.6783375314861461
0.6704450041981528
0.6801007556675063
0.6753988245172124
0.6747271200671704
0.6759026028547439
0.6704450041981528
0.6664987405541561
0.6687657430730478
0.6601175482787573
0.653232577665827
0.6641477749790092
0.6642317380352645
0.6628883291351805
0.6497900923593619
0.6533165407220822
0.6566750629722922
0.655919395465995
0.6416456759026029
0.6296389588581024
0.6347607052896725
0.6280436607892528
0.6433249370277078
0.6345927791771621
0.6382031905961377
0.6483627204030227
0.6412258606213266
0.6499580184718724
0.6507136859781696
0.643408900083963
0.626448362720403
0.645424013434089
0.6463476070528967
0.636607892527288
0.636272040302267
0.6548278757346767
0.6389588581024349
0.6455079764903443
0.6658270361041142
0.6382031905961377
0.6434928631402183
0.64575986565911
0.6413098236775818
0.6489504617968094
0.6567590260285474
0.6500419815281276
0.6389588581024349
0.638287153652393
0.6579345088161209
0.6365239294710328
0.670864819479429
0.6948782535684299
0.7102434928631403
0.6970612930310663
0.7036104114189756
0.6929471032745592
0.7159529806884971
0.6887489504617968
0.6937027707808564
0.7038623005877414
0.7011754827875735
0.7078925272879932
0.7056255247691016
0.6978169605373635
0.7042821158690177
0.7031066330814442
0.6750629722921915
0.6909319899244333
0.7011754827875735
0.7026028547439127
0.7103274559193955
0.6848866498740555
0.7083123425692696
0.7068849706129303
0.692527287993283
0.7037783375314861
0.7015113350125944
0.6729638958858103
0.6894206549118388
0.7058774139378673
0.680352644836272
0.6932829554995802
0.674895046179681
0.6796809403862301
0.7005877413937868
0.6840470193115029
0.6885810243492864
0.6849706129303107
0.689504617968094
0.6900083963056255
0.6642317380352645
0.673887489504618
0.682031905961377
0.690848026868178
0.6836272040302267
0.6842989084802686
0.6878253568429891
0.6738035264483627
0.6668345927791771
0.6777497900923594
0.6834592779177162
0.6765743073047858
0.6686817800167926
0.6779177162048698
0.675230898404702
0.682031905961377
0.6723761544920235
0.6702770780856423
0.6664987405541561
0.6593618807724602
0.6617128463476071
0.6811922753988245
0.6944584382871537
0.7086481947942905
0.6983207388748951
0.700335852225021
0.6936188077246012
0.7095717884130982
0.7020151133501259
0.6947942905121747
0.6926112510495382
0.7005037783375315
0.6942905121746431
0.6838790931989924
0.6727120067170445
0.6769941225860622
0.6848026868178002
0.6947942905121747
0.6767422334172963
0.6857262804366079
0.6750629722921915
0.6863140218303946
0.6783375314861461
0.6791771620486986
0.6889168765743073
0.6854743912678422
0.6903442485306465
0.6756507136859782
0.6661628883291352
0.6784214945424013
0.670193115029387
0.6700251889168766
0.6565071368597817
0.6614609571788413
0.6707808564231738
0.6662468513853904
0.6680940386230059
0.6691855583543241
0.6646515533165407
0.680016792611251
0.667086481947943
0.671872376154492
0.6643157010915197
0.664063811922754
0.6733837111670865
0.6804366078925272
0.6793450881612091
0.6668345927791771
0.6645675902602854
0.6581024349286314
0.6632241813602016
0.6551637279596977
0.6626364399664147
0.6628043660789252
0.6573467674223342
0.6581863979848867
0.6696893366918556
0.6706968933669185
0.6602854743912678
0.6724601175482787
0.6557514693534845
0.6661628883291352
0.6694374475230899
0.662048698572628
0.6712006717044501
0.6593618807724602
0.6776658270361041
0.6655751469353485
0.6743912678421494
0.6595298068849706
0.6615449202350966
0.670528967254408
0.670193115029387
0.6618807724601176
0.6701091519731318
0.6680100755667506
0.6609571788413098
0.6567590260285474
0.6504617968094039
0.6565910999160369
0.662048698572628
0.6581024349286314
0.6538203190596138
0.6613769941225861
0.6535684298908481
0.654911838790932
0.6656591099916037
0.6554156171284635
0.6544080604534005
0.6590260285474391
0.6546599496221662
0.646767422334173
0.6585222502099076
0.6541561712846348
0.6567590260285474
0.6507976490344248
0.6658270361041142
0.6418136020151134
0.6560033585222502
0.6497900923593619
0.6593618807724602
0.6533165407220822
0.6500419815281276
0.6445004198152813
0.6510495382031906
0.6445843828715365
0.6413937867338371
0.6460117548278758
0.6664987405541561
0.6686817800167926
0.6636439966414778
0.6760705289672544
0.674895046179681
0.6688497061293031
0.6679261125104954
0.6802686817800168
0.6660789252728799
0.6699412258606213
0.6624685138539043
0.6498740554156172
0.6375314861460957
0.6660789252728799
0.6689336691855583
0.6576826196473552
0.6653232577665827
0.651217464315701
0.6634760705289673
0.662048698572628