
0.9672952065845031
0.9655069103414139
0.9638079358669701
0.9620884918205451
0.960268560784394
0.9585751689204906
0.9567049943894764
0.9549688025114303
0.9531042105909565
0.9515280535484003
0.9495834442101816
0.9477709566547509
0.9459882430222021
0.9445181555799123
0.9397003626835981
0.9406922064895986
0.9390769711732601
0.9378562403351055
0.9355952830662675
0.9345290044530623
0.9319758905659464
0.9305132466043772
0.9283081154409425
0.9278056804923118
0.9246515055370192
0.9221114177411641
0.9207306520675198
0.9158570330658022
0.9165008941481215
0.9164301810812773
0.912479553688896
0.9122562492672823
0.9118115012942352
0.9125018841310574
0.906124682023808
0.903882333456771
0.9020512371995393
0.8972594964857467
0.9019712197817944
0.8958154612259784
0.8935023995920972
0.8903240333244632
0.89502086965907
0.8793095427283706
0.8873968845311444
0.8782562902064264
0.8843897183200808
0.8813676651475764
0.8778506205071616
0.905763673208866
0.8818403261733252
0.8821287610512428
0.8736580799913656
0.8758613502846201
0.8655279381744492
0.8669626690833168
0.8654441990163441
0.8672808778841161
0.858648301118569
0.8673553126913207
0.8852847968767155
0.8515100031076532
0.8609967192858725
0.8531866471399355
0.847920384530214
0.8524274121064492
0.8474495843746452
0.8491746110316106
0.8413068519100902
0.8430430437881362
0.8448183139399646
0.8337275276664874
0.8387704858545953
0.8346393540547431
0.8314758747485499
0.8223352804238317
0.8145884778640188
0.8942169737412609
0.8260905164473011
0.8210494191293732
0.8208689147219023
0.8129471903651585
0.8229028458287665
0.8400823993315755
0.8068509796551063
0.8109821114549586
0.8135352253420745
0.8079135365279512
0.8089481803480943
0.7772054568157162
0.7952317062504769
0.8048058833271614
0.8143167908177222
0.7940984363107877
0.803389761120095
0.7963091500847627
0.7942901059393394
0.7965045414536746
0.8330929709350686
0.8040373439427745
0.790551617747491