
0.9110177318064278
0.8761082379017362
0.8613086442556336
0.8486331732545253
0.8417759512375323
0.8409447728112301
0.8327946065755449
0.8285001847063169
0.8278306243073513
0.8231437015145918
0.8209964905799778
0.8236054673069819
0.8162403029183598
0.812361470262283
0.8130310306612486
0.8069818987809383
0.8062430735131142
0.8039342445511637
0.8070511636497968
0.8072358699667529
0.8046038049501293
0.8037726265238271
0.8006326191355745
0.800794237162911
0.80317233099372
0.7978389360916144
0.7969846693756927
0.7977234946435168
0.7981159955670484
0.7984854082009605
0.793659955670484
0.7907277428888068
0.7950914296268933
0.7946758404137422
0.7953454008127078
0.7976311414850388
0.798600849649058
0.7845400812707795
0.7909355374953824
0.7838012560029552
0.7917898042113041
0.7928287772441818
0.793937015145918
0.7931981898780939
0.7922746582933137
0.7868719985223495
0.780407277428888
0.786710380495013
0.7908893609161434
0.787033616549686
0.7888345031400074
0.7896195049870706
0.7885805319541929
0.7835011082379018
0.7855790543036572
0.7874722940524566
0.7859484669375693
0.7835703731067603
0.7857406723309938
0.7819772811230145
0.7888806797192464
0.7881649427410418
0.7818387513852973
0.7853019948282232
0.7821158108607315
0.779622275581825
0.7819772811230145
0.785209641669745
0.7890192094569635
0.7851865533801256
0.7855559660140377
0.7934983376431474
0.7836165496859993
0.7810768378278538
0.7817925748060583
0.7872875877355006
0.7805227188769855
0.7883958256372368
0.784701699298116
0.7710103435537495
0.7876339120797932
0.7864333210195789
0.7850018470631696
0.7891577391946805
0.7889037680088659
0.7880495012929443
0.778121536756557
0.7864794975988179
0.782600664942741
0.784332286664204
0.7872644994458811
0.775604913188031
0.7820696342814925
0.7835703731067603
0.7828084595493165
0.7812153675655708
0.7834087550794238
0.7827161063908386
0.7762975618766161
0.78031492427041
0.7849094939046916
0.7790681566309567
0.7771287403029183
0.7782600664942741
0.7762513852973771
0.7862024381233839
0.7750738825267824
0.7763206501662356
0.7795299224233468
0.7876570003694127
0.7830624307351312
0.7791835980790544
0.7791605097894349
0.7741503509420022
0.779714628740303
0.7848402290358331
0.7813077207240487
0.7816309567787219
0.7676163649796823
0.7842630217953453
0.777890653860362
0.7805919837458442
0.7729266715921684
0.782739194680458
0.7789065386036202
0.7716799039527151
0.7789296268932397
0.7720493165866272
0.775604913188031
0.7751893239748799
0.784747875877355
0.7832702253417066
0.775697266346509
0.7752816771333579
0.7767824159586257
0.7720493165866272
0.7883727373476173
0.7806381603250832
0.7743812338381972
0.7795530107129663
0.7714259327669006
0.7713566678980421
0.7768516808274843
0.7665312153675655
0.7856252308828962
0.7788141854451422
0.7690709272257111
0.7724879940893978
0.7764130033247137
0.7742196158108607
0.7723263760620613
0.7720954931658662
0.7699482822312523
0.770894902105652
0.7692787218322866
0.7793683043960103
0.7787910971555227
0.7743812338381972
0.7697866642039157
0.775697266346509
0.7813769855929072
0.7670622460288142
0.7617750277059475
0.7546869227927595
0.7683090136682674
0.7777059475434059
0.7745659401551533
0.7824852234946436
0.78264684152198
0.7761128555596601
0.7759512375323236
0.7776828592537864
0.7810768378278538
0.7660001847063169
0.7721878463243443
0.7716337273734761
0.7676163649796823
0.7583579608422608
0.7675471001108238
0.7727419652752124
0.7836858145548578
0.7655384189139268
0.7646610639083856
0.7640145917990395
0.7625600295530107
0.7762744735869966
0.7678241595862578
0.7702022534170668
0.775512560029553
0.7761128555596601
0.7763668267454747
0.7737347617288511
0.768840044329516
0.7661156261544145
0.7721416697451052
0.7709641669745105
0.7726957886959734
0.7837550794237162
0.7697866642039157
0.7619366457332841
0.768609161433321
0.7729959364610269
0.770941078684891
0.7793221278167713
0.7809383080901366
0.7758588843738455
0.7681935722201699
0.7724418175101588
0.7706640192094569
0.7670391577391947
0.7767362393793867
0.7705947543405984
0.7431658662726265
0.74766808274843
0.7633681196896934
0.7566956039896564
0.771218138160325
0.7741965275212412
0.7774981529368304
0.7640607683782785
0.7647765053564832
0.761428703361655
0.7642685629848541
0.7628832656076838
0.7702946065755449
0.7587966383450314
0.7699021056520133
0.7631603250831178
0.7623753232360547
0.7630217953454008
0.7690016623568526
0.7628370890284448
0.7608053195419283
0.7669237162910971
0.7732499076468415
0.7618673808644255
0.7677548947173993
0.76865533801256
0.7744735869966752
0.7578500184706317
0.7632295899519763
0.7797377170299225
0.7765746213520502
0.7637837089028445
0.773411525674178
0.766415773919468
0.7669006280014776
0.7658385666789804
0.7565801625415589
0.7635297377170299
0.7698328407831548
0.7800378647949759
0.7708718138160325
0.7644301810121906
0.7585426671592168
0.7579885482083487
0.7535094200221648
0.7741734392316217
0.7712874030291836
0.7734807905430365
0.7737116734392316
0.7787910971555227
0.7813538973032877
0.7642454746952346
0.7630448836350203
0.7483607314370151
0.7609900258588844
0.7632988548208349
0.7629525304765423
0.7577807536017732
0.7763668267454747
0.7718184336904322
0.777752124122645
0.7762052087181381
0.7652613594384928
0.7643609161433321
0.7626523827114887
0.759189139268563
0.7644763575914296
0.7612670853343184
0.7568803103066125
0.7652844477281123
0.7663926856298485
0.7666235685260436
0.768562984854082
0.7671315108976727
0.7551948651643886
0.7637837089028445
0.7678241595862578
0.7697635759142962
0.7653075360177318
0.7673854820834872
0.7666697451052826
0.7638298854820835
0.7769902105652013
0.777752124122645
0.7807305134835612
0.7653075360177318
0.7589120797931289
0.7542482452899889
0.759142962689324
0.7605744366457333
0.7461442556335427
0.7492149981529368
0.7563723679349834
0.7575729589951976
0.7609438492796453
0.7579885482083487
0.7600203176948651
0.7600434059844847
0.7655845954931658
0.7733422608053195
0.7743350572589582
0.7613132619135574
0.7585426671592168
0.7671545991872922
0.7593507572958995
0.7695788695973402
0.7674778352419652
0.768562984854082
0.7667159216845216
0.7715644625046176
0.7673854820834872
0.7557951606944957
0.7665312153675655
0.7677318064277798
0.7635528260066494
0.7676625415589213
0.763945326930181
0.7619135574436646
0.7700406353897303
0.7629063538973033
0.768886220908755
0.7770132988548208
0.7760897672700406
0.7810075729589951
0.7757665312153675
0.7723956409309198
0.7527705947543406
0.7575729589951976
0.7530707425193942
0.7630217953454008
0.7553333949021056
0.7610592907277429
0.7629294421869228
0.7642685629848541
0.7558875138529738
0.7529091244920576
0.7640607683782785
0.759142962689324
0.7660232729959364
0.7684013668267454
0.7631834133727373
0.7557951606944957
0.7445511636497968
0.7653768008865903
0.7621213520502401
0.7603435537495382
0.7636913557443664
0.7538557443664573
0.7683090136682674
0.7733422608053195
0.7697404876246767
0.7691863686738086
0.7529322127816771
0.7539480975249353
0.7509466198743997
0.7586119320280753
0.7648688585149612
0.7668544514222386
0.7747968230513483
0.7632988548208349
0.7549639822681936
0.7508311784263022
0.7693710749907647
0.7637144440339859
0.7700406353897303
0.7560953084595493
0.7626754710011082
0.7550332471370521
0.7505079423716291
0.7551025120059106
0.7505772072404876
0.7450591060214259
0.7464674916882157
0.7488455855190248
0.7514776505356483
0.7564878093830809
0.7556104543775397
0.7668544514222386
0.7641992981159955
0.7481298485408201
0.7488686738086443
0.7562107499076468
0.7658616549685999
0.7619597340229036
0.7554257480605837
0.761751939416328
0.7580809013668267
0.7567879571481345
0.768470631695604
0.7647765053564832
0.7655153306243073
0.7557489841152567
0.7691632803841891
0.763899150350942
0.7684475434059845
0.7644763575914296
0.7656307720724049
0.7640607683782785
0.7640607683782785
0.7596739933505726
0.7545483930550425
0.7583117842630218
0.7681243073513114
0.7697635759142962
0.7762282970077576
0.7775212412264499
0.7800147765053564
0.7795068341337273
0.7771287403029183
0.7776828592537864
0.7705254894717399
0.7645225341706686
0.7549870705578131
0.7655153306243073
0.7602050240118212
0.7579654599187292
0.7563031030661249
0.743188954562246
0.7456132249722941
0.7592122275581825
0.7579885482083487
0.7627678241595862
0.7552179534540081
0.7643609161433321
0.7694634281492427
0.7505772072404876
0.7494920576283709
0.750184706316956
0.7541328038418914
0.7644763575914296
0.7566956039896564
0.7617750277059475
0.7693479867011451
0.7744966752862948
0.7683782785371259
0.7659540081270779
0.7655153306243073
0.7580116364979682
0.7549639822681936
0.7614056150720354
0.7546407462135205
0.7490533801256003
0.754525304765423
0.7485454377539712
0.747575729589952
0.7534863317325452
0.7443433690432213
0.7521702992242335
0.750046176579239
0.742773365349095
0.7462366087920207
0.752193387513853
0.7349233468784633
0.7395871813816033
0.7504617657923901
0.7443664573328408
0.7551717768747691
0.7522164758034725
0.7557951606944957
0.7524935352789065
0.7556566309567787
0.754479128186184
0.7506464721093461
0.7490302918359808
0.7537864794975988
0.7556797192463982
0.7463289619504987
0.7408339490210565
0.7439970446989287
0.7604359069080162
0.7626754710011082
0.7600434059844847
0.7647995936461027
0.7603897303287772
0.7480144070927226
0.7459364610269671
0.7424732175840414
0.761890469154045
0.7559567787218323
0.7538326560768378
0.7534632434429257
0.7427041004802364
0.7589813446619874
0.7377632065016624
0.7260574436645734
0.7344154045068342
0.7566494274104174
0.7606898780938308
0.7629987070557813
0.7644301810121906
0.7715413742149981
0.7693248984115256
0.7678703361654968
0.764176209826376
0.7559336904322128
0.7554026597709642
0.7534863317325452
0.7422192463982268
0.7341845216106391
0.7444588104913188
0.7511082379017362
0.75233191725157
0.7612209087550794
0.7549178056889546
0.7648226819357222
0.7629525304765423
0.7655615072035463
0.7686322497229405
0.763945326930181
0.7555873660879202
0.7608284078315478
0.7657000369412634
0.7666697451052826
0.7648226819357222
0.7613594384927964
0.7580578130772072
0.7518932397487994
0.7540404506834134
0.7299824528998892
0.7282277428888068
0.7390099741411156
0.7454516069449575
0.7480144070927226
0.7541558921315109
0.742958071666051
0.7380171776874769
0.7320834872552642
0.7493073513114149
0.7583348725526413
0.7624445881049132
0.7666004802364241
0.7586119320280753
0.7560722201699298
0.7612439970446989
0.7573420760990026
0.7472986701145179
0.7390099741411156
0.7330301071296639
0.7449205762837089
0.7374399704469893
0.7331224602881419
0.7387329146656816
0.7386174732175841
0.7412726265238271
0.7536248614702623
0.7479220539342446
0.745243812338382
0.7467676394532693
0.7484069080162542
0.7493535278906539
0.7510389730328777
0.7531630956778722
0.7553333949021056
0.7568803103066125
0.7568341337273735
0.7580347247875877
0.7539250092353158
0.7563723679349834
0.7620982637606206
0.7360777613594385
0.7356621721462874
0.7405568895456225
0.7497922053934245
0.754756187661618
0.759466198743997
0.7596509050609531
0.7597432582194311
0.761613409678611
0.7489148503878833
0.759420022164758
0.7502077946065755
0.7481760251200591
0.7657923900997414
0.7555642777983007
0.7546407462135205
0.7397718876985593
0.766092537864795
0.7711488732914665
0.7666235685260436
0.7580116364979682
0.7680088659032139
0.7683321019578869
0.7630217953454008
0.7649612116734392
0.7578038418913927
0.7461904322127817
0.7376015884743258
0.7493766161802734
0.7551717768747691
0.7531861839674917
0.7576422238640561
0.7642685629848541
0.7550101588474326
0.7565570742519394
0.7580809013668267
0.7465829331363133
0.7466291097155523
0.7554488363502032
0.756857222016993
0.754710011082379
0.7432582194311046
0.7446896933875139
0.743096601403768
0.7461673439231622
0.7424732175840414
0.7434891023272996
0.74067233099372
0.7315062800147765
0.7398180642777983
0.7524935352789065
0.7551948651643886
0.754710011082379
0.7623522349464351
0.7518701514591799
0.7440663095677872
0.7362162910971555
0.7408801256002955
0.7537172146287403
0.7562338381972663
0.7565108976727004
0.7498845585519025
0.7518470631695604
0.7490533801256003
0.7459595493165866
0.7461442556335427
0.7464444033985962
0.7425424824528999
0.7492842630217953
0.7523550055411895
0.7443664573328408
0.7465829331363133
0.7466983745844108
0.7456132249722941
0.7370474695234577
0.7348309937199852
0.7436507203546361
0.7461211673439232
0.7494458810491319
0.754525304765423
0.752378093830809
0.7456824898411526
0.7469754340598449
0.7456594015515331
0.7445280753601773
0.7482683782785371
0.7445973402290358
0.7574344292574806
0.7484299963058737
0.7587273734761729
0.761798115995567
0.7561645733284078
0.7567417805688954
0.7599510528260066
0.7578269301810122
0.7602512005910602
0.766138714444034
0.7647072404876247
0.7637144440339859
0.7625600295530107
0.7592122275581825
0.7620059106021426
0.7504617657923901
0.7436045437753971
0.7231021425932767
0.7224556704839306
0.7398873291466568
0.7507388252678242
0.7421268932397488
0.7369782046545992
0.7543636867380864
0.7395179165127448
0.7348309937199852
0.7349926117473218
0.7270733284078316
0.7345077576653122
0.7396102696712228
0.7481298485408201
0.7485916143332102
0.7578269301810122
0.7557720724048762
0.7439046915404507
0.7386405615072036
0.7445511636497968
0.7510851496121167
0.7579192833394902
0.7539711858145549
0.7539019209456963
0.7560953084595493
0.7583348725526413
0.7610823790173624
0.7605744366457333
0.7694403398596232
0.7637375323236054
0.7554950129294422
0.7484069080162542
0.7493304396010344
0.7455439601034355
0.7436738086442556
0.749907646841522
0.7465829331363133
0.7416420391577392
0.7342306981898781
0.7463751385297377
0.7404183598079054
0.7327068710749908
0.7176994828223126
0.7207471370520872
0.7450821943110454
0.7491226449944588
0.7522626523827115
0.7556797192463982
0.7560260435906908
0.7533247137052087
0.7460749907646842
0.7402105652013299
0.7466983745844108
0.7331455485777614
0.7184383080901366
0.717630217953454
0.7181612486147027
0.7183228666420391
0.7363317325452531
0.7337920206871075
0.7388252678241596
0.7388483561137791
0.7367934983376432
0.7415265977096417
0.7426348356113779
0.7481991134096786
0.7427502770594754
0.7305365718507573
0.7223864056150721
0.719731252308829
0.7225480236424086
0.7287125969708164
0.7354312892500924
0.7390792390099742
0.7465367565570743
0.7416420391577392
0.7385482083487255
0.7416420391577392
0.7495151459179904
0.7488917620982638
0.7496305873660879
0.7448974879940894
0.7415035094200222
0.7362624676763946
0.7379248245289989
0.7349926117473218
0.7386867380864426
0.7379940893978574
0.7355929072774289
0.7356390838566679
0.7285278906538604
0.7251570003694127
0.7284817140746214
0.7293590690801626
0.7342999630587366
0.7304442186922793
0.7375092353158478
0.7297284817140747
0.7287587735500554
0.7433967491688216
0.7514314739564093
0.7491919098633173
0.7519394163280384
0.7539480975249353
0.7520317694865164
0.7539942741041744
0.7581039896564462
0.7596278167713336
0.7620289988917621
0.7610131141485039
0.7656769486516439
0.7606437015145918
0.7553333949021056
0.7587273734761729
0.7526320650166236
0.7572728112301441
0.7552641300332471
0.7568803103066125
0.7563031030661249
0.7560722201699298
0.7519163280384189
0.7520086811968969
0.7469985223494644
0.7483376431473956
0.7555873660879202
0.7564878093830809
0.7485454377539712
0.7396102696712228
0.7560953084595493
0.7533708902844477
0.7455901366826746
0.7433736608792021
0.7354543775397119
0.747806612486147
0.7418267454746952
0.74067233099372
0.7501154414480975
0.7550332471370521
0.7472294052456594
0.7541558921315109
0.7493073513114149
0.7463520502401182
0.7569726634650905
0.7563954562246029
0.7602973771702992
0.7570650166235685
0.7397257111193203
0.7448282231252309
0.7533939785740672
0.7536248614702623
0.7278583302548948
0.7281123014407093
0.7310214259327669
0.7463982268193572
0.7433274842999631
0.7460057258958256
0.7536017731806428
0.7613363502031769
0.7559567787218323
0.7563261913557444
0.7532554488363502
0.7561183967491688
0.7629987070557813
0.7580809013668267
0.7517316217214629
0.7482452899889176
0.7529553010712966
0.7577576653121537
0.752193387513853
0.7513622090875508
0.745567048393055
0.7481298485408201
0.7383635020317695
0.736147026228297
0.7462596970816402
0.7541097155522719
0.7433274842999631
0.7409955670483931
0.7427041004802364
0.7321527521241227
0.7371859992611748
0.7369782046545992
0.7314139268562985
0.733907462135205
0.73600849649058
0.7354774658293314
0.738109530845955
0.7467445511636498
0.7367934983376432
0.7416882157369782
0.7462596970816402
0.7391946804580717
0.7397257111193203
0.7316678980421131
0.7323836350203177
0.7390561507203547
0.7413418913926856
0.7471139637975619
0.7451745474695235
0.7448282231252309
0.7417343923162172
0.7437892500923532
0.7399796823051349
0.7367704100480237
0.7472524935352789
0.7417574806058367
0.7543175101588474
0.7559567787218323
0.7568341337273735
0.7539480975249353
0.7585426671592168
0.7627909124492057
0.7593045807166605
0.7573189878093831
0.7624676763945327
0.7585888437384558
0.7585888437384558
0.7587966383450314
0.7572728112301441
0.7599048762467676
0.761567233099372
0.7534863317325452
0.7384558551902475
0.7563261913557444
0.7532554488363502
0.7563954562246029
0.7506926486885851
0.7523088289619505
0.7577807536017732
0.7602512005910602
0.7586119320280753
0.7491457332840783
0.7533708902844477
0.7590275212412264
0.7565108976727004
0.7481760251200591
0.7464905799778352
0.7575036941263391
0.7533016254155892
0.747852789065386
0.7488686738086443
0.7379479128186184
0.7539250092353158
0.7526782415958626
0.7450821943110454
0.7481067602512006
0.7399104174362763
0.7379940893978574
0.7282739194680458
0.7489610269671223
0.7421961581086073
0.7501616180273365
0.745197635759143
0.7253186183967492
0.720377724418175
0.7236331732545253
0.7278814185445143
0.7433736608792021
0.7389176209826376
0.7454977835241965
0.7483838197266347
0.747575729589952
0.7549870705578131
0.7385943849279646
0.7343923162172147
0.7435814554857776
0.7399565940155153
0.7447589582563724
0.7475526413003325
0.7453130772072405
0.7481760251200591
0.7513391207979313
0.7513160325083118
0.7519855929072774
0.7517547100110824
0.7526782415958626
0.7481991134096786
0.7559567787218323
0.7541097155522719
0.7492842630217953
0.7472294052456594
0.7484299963058737
0.7449436645733284
0.7466291097155523
0.7472755818248984
0.7461904322127817
0.7500692648688585
0.7540635389730329
0.7526320650166236
0.7502077946065755
0.7496536756557074
0.7397718876985593
0.7283662726265239
0.7419190986331733
0.7506695603989656
0.7515469154045068
0.7574113409678611
0.7579423716291097
0.7613363502031769
0.7587042851865534
0.7607360546730698
0.7623753232360547
0.7621906169190986
0.7611978204654599
0.7472063169560399
0.747575729589952
0.745567048393055
0.7501154414480975
0.7463289619504987
0.740626154414481
0.7416651274473587
0.7259189139268563
0.7329146656815663
0.7305827484299963
0.7346001108237902
0.7328223125230883
0.7443895456224603
0.7513852973771703
0.7519394163280384
0.7519625046176579
0.754479128186184
0.7486377909124492
0.7474602881418545
0.7481529368304396
0.7518239748799409