0.8776948590381426
0.8793532338308457
0.8768656716417911
0.8760364842454395
0.8723051409618574
0.87106135986733
0.8716832504145937
0.8687810945273632
0.8727197346600332
0.8723051409618574
0.8685737976782753
0.8729270315091211
0.8685737976782753
0.8669154228855721
0.8679519071310116
0.8675373134328358
0.8683665008291874
0.8662935323383084
0.8629767827529021
0.8702321724709784
0.8669154228855721
0.8642205638474295
0.8629767827529021
0.8606965174129353
0.8590381426202321
0.8596600331674958
0.8623548922056384
0.861318407960199
0.8594527363184079
0.8691956882255389
0.8542703150912107
0.8594527363184079
0.8567578772802653
0.8621475953565506
0.8629767827529021
0.8509535655058044
0.8524046434494196
0.8563432835820896
0.8555140961857379
0.8580016583747927
0.8405887230514096
0.853648424543947
0.8453565505804311
0.8434908789386402
0.861318407960199
0.8548922056384743
0.8432835820895522
0.8582089552238806
0.8569651741293532
0.8434908789386402
0.8287728026533997
0.8546849087893864
0.8555140961857379
0.8490878938640133
0.8453565505804311
0.835820895522388
0.8486733001658375
0.8492951907131011
0.8395522388059702
0.8341625207296849
0.8256633499170812
0.8296019900497512
0.8432835820895522
0.831882255389718
0.8403814262023217
0.8343698175787728
0.8370646766169154
0.8308457711442786
0.8482587064676617
0.853441127694859
0.8488805970149254
0.8432835820895522
0.8354063018242123
0.8271144278606966
0.8196517412935324
0.8128109452736318
0.8099087893864013
0.8405887230514096
0.839759535655058
0.8316749585406302
0.8231757877280266
0.8254560530679934
0.8175787728026535
0.8020315091210614
0.7956053067993366
0.8001658374792703
0.7945688225538972
0.8136401326699834
0.8484660033167496
0.8511608623548922
0.8486733001658375
0.8466003316749585
0.8422470978441128
0.8383084577114428
0.8310530679933665
0.8271144278606966
0.8237976782752903
0.8123963515754561
0.8078358208955224
0.7983001658374793
0.7949834162520729
0.783167495854063
0.8287728026533997
0.8316749585406302
0.8364427860696517
0.8298092868988391
0.824212271973466
0.8217247097844113
0.8177860696517413
0.8084577114427861
0.8088723051409619
0.8041044776119403
0.7912520729684909
0.7864842454394693
0.7802653399668324
0.7740464344941956
0.7688640132669984
0.7624378109452736
0.7603648424543947
0.7512437810945274
0.7446102819237148
0.7466832504145937
0.7667910447761194
0.7815091210613598
0.789179104477612
0.7833747927031509
0.7908374792703151
0.7941542288557214
0.8074212271973465
0.8082504145936982
0.814262023217247
0.8256633499170812
0.8266998341625207
0.822346600331675
0.8246268656716418
0.8152985074626866
0.8157131011608624
0.8088723051409619
0.8051409618573798
0.802653399668325
0.7970563847429519
0.7922885572139303
0.7829601990049752
0.7829601990049752
0.7796434494195689
0.775497512437811
0.7707296849087893
0.7614013266998342
0.7669983416252073
0.7682421227197347
0.7535240464344942
0.7512437810945274
0.74606135986733
0.810530679933665
0.8134328358208955
0.818407960199005
0.8277363184079602
0.8269071310116086
0.8300165837479271
0.8229684908789386
0.8194444444444444
0.8159203980099502
0.8130182421227198
0.8099087893864013
0.8113598673300166
0.8003731343283582
0.8041044776119403
0.7935323383084577
0.7951907131011609
0.7918739635157546
0.7833747927031509
0.7810945273631841
0.7775704809286899
0.7744610281923715
0.7694859038142621
0.7688640132669984
0.7603648424543947
0.7551824212271974
0.7549751243781094
0.7574626865671642
0.7425373134328358
0.7367330016583747
0.7288557213930348
0.728648424543947
0.7249170812603648
0.7170398009950248
0.7149668325041459
0.7035655058043118
0.7087479270315091
0.7085406301824212
0.6981757877280266
0.6965174129353234
0.6942371475953566
0.6925787728026535
0.6795190713101161
0.6726782752902156
0.6788971807628524
0.6594112769485904
0.662106135986733
0.6546434494195689
0.6473880597014925
0.6674958540630183
0.6515339966832504
0.6471807628524047
0.7157960199004975
0.7251243781094527
0.7330016583747927
0.7448175787728026
0.7582918739635157
0.757669983416252
0.7572553897180763
0.7574626865671642
0.7555970149253731
0.75393864013267
0.7518656716417911
0.7526948590381426
0.75
0.7419154228855721
0.7417081260364843
0.7334162520729685
0.7340381426202321
0.7307213930348259
0.7209784411276948
0.7184908789386402
0.7184908789386402
0.714759535655058
0.7081260364842454
0.7205638474295191
0.7118573797678275
0.7058457711442786
0.6954809286898839
0.6946517412935324
0.6942371475953566
0.6925787728026535
0.6861525704809287
0.6865671641791045
0.6811774461028193
0.6770315091210614
0.681592039800995
0.6813847429519071
0.6606550580431177
0.660240464344942
0.6585820895522388
0.658167495854063
0.656301824212272
0.6629353233830846
0.6395107794361525
0.6536069651741293
0.6496683250414593
0.6374378109452736
0.6316334991708126
0.6297678275290216
0.6291459369817579
0.6243781094527363
0.6318407960199005
0.6469734660033167
0.6633499170812603
0.6712271973466003
0.6822139303482587
0.6670812603648425
0.6820066334991708
0.6844941956882256
0.7083333333333334
0.7089552238805971
0.7118573797678275
0.7122719734660033
0.7035655058043118
0.7054311774461028
0.7112354892205639
0.7019071310116086
0.7160033167495854
0.7019071310116086
0.703150912106136
0.7137230514096186
0.7002487562189055
0.6946517412935324
0.6847014925373134
0.6981757877280266
0.6830431177446102
0.6884328358208955
0.6961028192371476
0.677653399668325
0.6735074626865671
0.6735074626865671
0.6658374792703151
0.6701907131011609
0.6637645107794361
0.6598258706467661
0.6536069651741293
0.6637645107794361
0.6589966832504146
0.6623134328358209
0.6527777777777778
0.648424543946932
0.652363184079602
0.6451077943615257
0.6531923714759535
0.6442786069651741
0.652363184079602
0.6291459369817579
0.6378524046434494
0.636608623548922
0.6382669983416253
0.6453150912106136
0.6480099502487562
0.693407960199005
0.7271973466003316
0.777363184079602
0.7701077943615257
0.7829601990049752
0.7823383084577115
0.7999585406301825
0.8169568822553898
0.8140547263681592
0.8198590381426202
0.822139303482587
0.8235903814262023
0.8273217247097844
0.8248341625207297
0.8215174129353234
0.8200663349917081
0.8227611940298507
0.8246268656716418
0.8248341625207297
0.8254560530679934
0.8322968490878938
0.8296019900497512
0.8256633499170812
0.826077943615257
0.8341625207296849
0.8227611940298507
0.826077943615257
0.8246268656716418
0.8244195688225538
0.8194444444444444
0.8244195688225538
0.8215174129353234
0.8173714759535655
0.8103233830845771
0.810530679933665
0.8152985074626866
0.8161276948590381
0.8171641791044776
0.8113598673300166
0.8148839137645107
0.8121890547263682
0.8063847429519071
0.8078358208955224
0.802860696517413
0.7995439469320066
0.789179104477612
0.788971807628524
0.7850331674958541
0.7864842454394693
0.7661691542288557
0.7477197346600332
0.7485489220563848
0.7444029850746269
0.7406716417910447
0.7373548922056384
0.7330016583747927
0.7344527363184079
0.738391376451078
0.7344527363184079
0.7303067993366501
0.7238805970149254
0.7209784411276948
0.7091625207296849
0.7209784411276948
0.7149668325041459
0.7089552238805971
0.7118573797678275
0.7097844112769486
0.7114427860696517
0.6998341625207297
0.7056384742951907
0.7043946932006634
0.7048092868988391
0.6983830845771144
0.6994195688225538
0.699212271973466
0.6996268656716418
0.6807628524046434
0.6824212271973465
0.6830431177446102
0.6822139303482587
0.6722636815920398
0.679726368159204
0.6795190713101161
0.6768242122719734
0.6623134328358209
0.6745439469320066
0.6627280265339967
0.6637645107794361
0.6670812603648425
0.654228855721393
0.6650082918739635
0.6592039800995025
0.6511194029850746
0.6492537313432836
0.6469734660033167
0.6552653399668324
0.6409618573797679
0.6413764510779436
0.646351575456053
0.6376451077943616
0.6374378109452736
0.6243781094527363
0.6419983416252073
0.6297678275290216
0.6473880597014925
0.6239635157545605
0.6272802653399668
0.6285240464344942
0.617330016583748
0.6167081260364843
0.6181592039800995
0.6169154228855721
0.6140132669983416
0.636608623548922
0.6084162520729685
0.6181592039800995
0.5941127694859039
0.6019900497512438
0.6001243781094527
0.5941127694859039
0.587893864013267
0.599502487562189
0.5992951907131011
0.5856135986733002
0.5827114427860697
0.5895522388059702
0.5808457711442786
0.5690298507462687
0.5694444444444444
0.5779436152570481
0.5810530679933665
0.5843698175787728
0.5673714759535655
0.5785655058043118
0.5698590381426202
0.5512023217247097
0.554726368159204
0.5509950248756219
0.5603233830845771
0.5534825870646766
0.560530679933665
0.5512023217247097
0.552860696517413
0.5541044776119403
0.5487147595356551
0.5360696517412935
0.5611525704809287
0.5306799336650083
0.539179104477612
0.5435323383084577
0.527363184079602
0.5445688225538972
0.5356550580431177
0.5350331674958541
0.525290215588723
0.5240464344941956
0.5238391376451078
0.5095356550580431
0.5093283582089553
0.5157545605306799
0.5130597014925373
0.5107794361525705
0.517620232172471
0.5041459369817579
0.5029021558872305
0.5012437810945274
0.49709784411276947
0.498134328358209
0.5093283582089553
0.4956467661691542
0.4900497512437811
0.49502487562189057
0.5199004975124378
0.4944029850746269
0.4885986733001658
0.49792703150912104
0.50787728026534
0.4803067993366501
0.4973051409618574
0.47947761194029853
0.4923300165837479
0.48776948590381425
0.4861111111111111
0.46807628524046435
0.46766169154228854
0.4803067993366501
0.48880597014925375
0.4900497512437811
0.480514096185738
0.4767827529021559
0.4910862354892206
0.4821724709784411
0.4728441127694859
0.48714759535655056
0.48714759535655056
0.4699419568822554
0.4865257048092869
0.4701492537313433
0.4771973466003317
0.47056384742951907
0.472636815920398
0.49336650082918737
0.4662106135986733
0.4664179104477612
0.48383084577114427
0.47201492537313433
0.4730514096185738
0.4730514096185738
0.4755389718076285
0.4767827529021559
0.45377280265339964
0.4487976782752902
0.46123548922056384
0.47491708126036486
0.46683250414593697
0.4593698175787728
0.46475953565505806
0.46455223880597013
0.45874792703150913
0.45999170812603646
0.4456882255389718
0.4475538971807628
0.4724295190713101
0.45667495854063017
0.449212271973466
0.4593698175787728
0.4450663349917081
0.4635157545605307
0.4332504145936982
0.4651741293532338
0.45232172470978443
0.4577114427860697
0.44776119402985076
0.45729684908789386
0.4560530679933665
0.43967661691542287
0.4293117744610282
0.43967661691542287
0.43283582089552236
0.4521144278606965
0.439469320066335
0.4461028192371476
0.4427860696517413
0.4463101160862355
0.4465174129353234
0.4525290215588723
0.43718905472636815
0.42640961857379767
0.441334991708126
0.4295190713101161
0.441334991708126
0.4458955223880597
0.4295190713101161
0.425787728026534
0.42330016583747926
0.4500414593698176
0.43967661691542287
0.4324212271973466
0.42122719734660036
0.4259950248756219
0.4293117744610282
0.44050580431177444
0.43407960199004975
0.4320066334991708
0.4187396351575456
0.4210199004975124
0.4247512437810945
0.4247512437810945
0.40381426202321724
0.4166666666666667
0.41127694859038144
0.4135572139303483
0.4380182421227197
0.40816749585406303
0.4114842454394693
0.42143449419568824
0.42661691542288555
0.40422885572139305
0.4098258706467662
0.39241293532338306
0.39738805970149255
0.41708126036484244
0.38723051409618575
0.4317993366500829
0.4193615257048093
0.42392205638474295
0.3986318407960199
0.42723880597014924
0.4025704809286899
0.40671641791044777
0.41625207296849087
0.39552238805970147
0.4033996683250415
0.3928275290215589
0.40111940298507465
0.4116915422885572
0.39324212271973463
0.40049751243781095
0.3982172470978441
0.39718076285240467
0.4305555555555556
0.4268242122719735
0.4450663349917081
0.4009121061359867
0.45418739635157546
0.5049751243781094
0.48776948590381425
0.5478855721393034
0.5559701492537313
0.5462271973466003
0.5518242122719734
0.5572139303482587
0.5789800995024875
0.5793946932006634
0.5688225538971807
0.5619817578772802
0.611318407960199
0.5961857379767828
0.6067578772802653
0.6090381426202321
0.6283167495854063
0.634742951907131
0.6316334991708126
0.6229270315091211
0.6337064676616916
0.6223051409618574
0.6274875621890548
0.6316334991708126
0.6264510779436152
0.6380597014925373
0.6536069651741293
0.6264510779436152
0.6370232172470979
0.6409618573797679
0.6324626865671642
0.6507048092868989
0.646351575456053
0.6305970149253731
0.6457296849087893
0.646351575456053
0.6332918739635157
0.632669983416252
0.6513266998341625
0.6515339966832504
0.6631426202321725
0.6515339966832504
0.6496683250414593
0.646351575456053
0.6411691542288557
0.6544361525704809
0.6536069651741293
0.6730928689883914
0.6475953565505804
0.6507048092868989
0.6442786069651741
0.6498756218905473
0.6614842454394693
0.6376451077943616
0.6415837479270315
0.6486318407960199
0.6446932006633499
0.6627280265339967
0.6434494195688225
0.6471807628524047
0.6376451077943616
0.6536069651741293
0.6482172470978441
0.6444859038142621
0.6519485903814262
0.660240464344942
0.6592039800995025
0.6438640132669984
0.6616915422885572
0.6415837479270315
0.6674958540630183
0.6500829187396352
0.6575456053067993
0.6364013266998342
0.6372305140961857
0.634742951907131
0.6380597014925373
0.6565091210613598
0.6337064676616916
0.6469734660033167
0.6531923714759535
0.658167495854063
0.6469734660033167
0.6469734660033167
0.6575456053067993
0.6359867330016584
0.6571310116086235
0.663971807628524
0.6455223880597015
0.6496683250414593
0.6521558872305141
0.6550580431177446
0.6558872305140961
0.6558872305140961
0.6550580431177446
0.652363184079602
0.6436567164179104
0.6585820895522388
0.6531923714759535
0.6670812603648425
0.6529850746268657
0.6459369817578773
0.6471807628524047
0.6600331674958541
0.6614842454394693
0.6498756218905473
0.6531923714759535
0.6469734660033167
0.6618988391376451
0.6415837479270315
0.646351575456053
0.6552653399668324
0.6529850746268657
0.6473880597014925
0.6592039800995025
0.6517412935323383
0.6436567164179104
0.6314262023217247
0.6538142620232172
0.6457296849087893
0.6370232172470979
0.6494610281923715
0.6370232172470979
0.6556799336650083
0.6478026533996684
0.6598258706467661
0.6490464344941956
0.6677031509121062
0.6507048092868989
0.652363184079602
0.6556799336650083
0.6548507462686567
0.6469734660033167
0.6507048092868989
0.6411691542288557
0.6388888888888888
0.6519485903814262
0.646351575456053
0.656301824212272
0.6596185737976783
0.6670812603648425
0.6405472636815921
0.6482172470978441
0.6554726368159204
0.654228855721393
0.6552653399668324
0.6627280265339967
0.6444859038142621
0.6509121061359867
0.6500829187396352
0.6587893864013267
0.6575456053067993
0.6434494195688225
0.6592039800995025
0.6492537313432836
0.6527777777777778
0.658167495854063
0.663971807628524
0.6469734660033167
0.652363184079602
0.6567164179104478
0.6492537313432836
0.6492537313432836
0.6712271973466003
0.6521558872305141
0.6587893864013267
0.652363184079602
0.6446932006633499
0.6533996683250415
0.6560945273631841
0.6554726368159204
0.6490464344941956
0.6513266998341625
0.6573383084577115
0.6519485903814262
0.6571310116086235
0.6318407960199005
0.6531923714759535
0.6643864013266998
0.6478026533996684
0.6637645107794361
0.6473880597014925
0.6556799336650083
0.6438640132669984
0.6531923714759535
0.6556799336650083
0.6488391376451078
0.6556799336650083
0.6446932006633499
0.6548507462686567
0.6507048092868989
0.6434494195688225
0.656301824212272
0.6554726368159204
0.6594112769485904
0.6527777777777778
0.6436567164179104
0.6720563847429519
0.6573383084577115
0.6397180762852405
0.6498756218905473
0.6598258706467661
0.6494610281923715
0.6560945273631841
0.6714344941956882
0.6519485903814262
0.6467661691542289
0.6405472636815921
0.6583747927031509
0.6625207296849088
0.6430348258706468
0.6461442786069652
0.6600331674958541
0.6556799336650083
0.6614842454394693
0.6589966832504146
0.654228855721393
0.6498756218905473
0.6525704809286899
0.654228855721393
0.6500829187396352
0.6583747927031509
0.6529850746268657
0.6515339966832504
0.6538142620232172
0.6419983416252073
0.6583747927031509
0.6633499170812603
0.6674958540630183
0.6618988391376451
0.6548507462686567
0.6565091210613598
0.6585820895522388
0.6415837479270315
0.6498756218905473
0.6473880597014925
0.6480099502487562
0.6618988391376451
0.6525704809286899
0.6324626865671642
0.6525704809286899
0.6455223880597015
0.6538142620232172
0.6573383084577115
0.6492537313432836
0.6480099502487562
0.6598258706467661
0.6295605306799337
0.6401326699834162
0.6548507462686567
0.6600331674958541
0.6759950248756219
0.6486318407960199
0.6527777777777778
0.6548507462686567
0.6332918739635157
0.6428275290215588
0.6533996683250415
0.6764096185737977
0.6494610281923715
0.6440713101160862
0.6577529021558872
0.662106135986733
0.6577529021558872
0.6571310116086235
0.650497512437811
0.6490464344941956
0.6519485903814262
0.6525704809286899
0.6521558872305141
0.6635572139303483
0.6573383084577115
0.6480099502487562
0.6633499170812603
0.6434494195688225
0.662106135986733
0.6533996683250415
0.6662520729684909
0.6438640132669984
0.6500829187396352
0.6693615257048093
0.6689469320066335
0.6482172470978441
0.6353648424543947
0.6417910447761194
0.6600331674958541
0.6461442786069652
0.6413764510779436
0.652363184079602
0.6577529021558872
0.6521558872305141
0.6357794361525705
0.6509121061359867
0.6610696517412935
0.6660447761194029
0.6409618573797679
0.6536069651741293
0.6509121061359867
0.6469734660033167
0.6697761194029851
0.6442786069651741
0.6569237147595357
0.6587893864013267
0.6467661691542289
0.6579601990049752
0.6552653399668324
0.6560945273631841
0.6388888888888888
0.6440713101160862
0.6509121061359867
0.6629353233830846
0.6577529021558872
0.6507048092868989
0.652363184079602
0.6430348258706468
0.6594112769485904
0.660240464344942
0.6598258706467661
0.6614842454394693
0.6596185737976783
0.6552653399668324
0.6478026533996684
0.6498756218905473
0.6478026533996684
0.6587893864013267
0.6407545605306799
0.6592039800995025
0.6604477611940298
0.6403399668325042
0.6548507462686567
0.6509121061359867
0.6422056384742952
0.6509121061359867
0.6492537313432836
0.6801409618573798
0.6538142620232172
0.6658374792703151
0.636608623548922
0.6571310116086235
0.652363184079602
0.6453150912106136
0.6519485903814262
0.6513266998341625
0.6444859038142621
