
0.9435289542578974
0.9411331708367187
0.9391800865259752
0.9369926320979424
0.9329927154295397
0.9293834156232856
0.9246612917786435
0.919395776476879
0.9151580175413012
0.9102171482538558
0.9064984757262001
0.9023874502614528
0.8984691291153657
0.8953268334687472
0.8914658027957751
0.8877488663430623
0.8840631792393214
0.8809382443421317
0.8796691735588842
0.8751189211335875
0.871011367818726
0.8695061908432463
0.8662701471497122
0.8637302695082741
0.8609004673513746
0.8580307354707888
0.8554804413796935
0.854433588189135
0.8493659854308591
0.8494788303021464
0.8453348194134844
0.8435032603487428
0.8403974222759248
0.8390762692443907
0.8373332500017361
0.8322205092949453
0.8329166753470414
0.8292813344166441
0.8273351944056722
0.8244602543002576
0.82509392165441
0.8230002152732929
0.8203179794865385
0.8148771206155427
0.8148910092150858
0.8128407047075408
0.813772976951869
0.808514405949876
0.8109848405935988
0.8076758817524635
0.8047540676235911
0.8051516287855114
0.8005649187864142
0.7991916835065936
0.7979799031964612
0.7986847496232717
0.7959313347638591
0.79189148837177
0.7925876544238661
0.7878203926307091
0.784093039728339
0.7853048200384715
0.7853933598605585
0.7812371964472963
0.7812962229953543
0.7844680319160018
0.7817666993048756
0.7797302833968737
0.7739265848628154
0.7789698825718908
0.7821729408415102
0.7780393464025055
0.7775619257932126
0.7747546926105706
0.7726575140795678
0.773129726464032
0.7695707728311215
0.7711523371040881
0.7636854787747478
0.767395470927689
0.7690395338985994
0.7634927744560878
0.7628782039263071
0.7592237661715381
0.7643122018291285
0.7610778942105373
0.7567932612515017
0.7595466761109143
0.754975590786303
0.7583765615994111
0.7557429359110575
0.7486285007951223
0.7564217412137247
0.7523714783719784
0.750935744394214
0.750194440393603
0.7440539433206252
0.7470417282973272
0.7451737116587849
0.7468733290278675
0.7402015930223675
0.7407293598050041
0.7437761713297639
0.7475417178808775
0.7428143858114067
0.7475087324569627
0.7355489121754408
0.7448403852697513
0.7416598959743894
0.7472639458900162
0.7393057783518399
0.7372016555210655
0.7377103254793302
0.7360124441851906
0.7338788080803872
0.7341079699728478
0.7368683291320319
0.7334725665437526
0.7295959111962945
0.7223668951341291
0.7377658798775025
0.7269813823323126
0.7253147503871447
0.7269084671847115
0.7233686103761727
0.7278997659770977
0.724210606723471
0.7221030117428109
0.7277730325062672
0.7221828711901835
0.7114435115935085
0.7165649326750138
0.7178600445824045
0.7219797504218662
0.7244692818899606
0.7203443678256704
0.7167663173683881
0.7179642090789775
0.718448573988042
0.7204433240974146
0.7100320826649444
0.7118497531301431
0.7089296750762137
0.7152958618917662
0.7189433553467636
0.7171829753546801
0.712907022770359
0.7137750602418005
0.7165944459490428
0.7178218509336611
0.7101483996861176
0.7124348103858947
0.7106223481455247
0.7117073949848267
0.7103532565293779
0.701898571557537
0.7052804455462733
0.7147663590341868
0.7119539176267161
0.711301153448192
0.7137889488413436
0.7140510961577189
0.713190002986049
0.7128983423956445
0.7021711353235697
0.7008169968681208
0.6966365284056583
0.7030409088699541
0.697442067179156
0.6986625278640028
0.6982823274515114
0.6975028298021569
0.6951608647042076
0.7034176371325598
0.6937893654993299
0.6956278688638431
0.6956504378381005
0.6928570932550017
0.6929300084026028
0.692301549273279
0.6950445476830344
0.6963466038901968
0.7029054950244092
0.6968899953473191
0.6948171218655167
0.6954125955709256
0.6925810573390833
0.6984958646694861
0.6863363957695325
0.6795361902182594
0.677357416164941
0.6724530044512962
0.68006048485101
0.6812757373110282
0.6958275174822747
0.7013100421518996
0.6950671166572918
0.6843347013603883
0.6823920334993021
0.6840222078706694
0.6802445087949557
0.6941574133872211
0.702016624653653
0.6980080276105359
0.6943587980805955
0.6852982229536885
0.6826802219398207
0.6813469163836865
0.6845760157774491
0.6818798913911516
0.666647569842295
0.6593195975083852
0.6626771664479212
0.6667152767650674
0.6631910446310146
0.6751543370624223
0.67766990965466
0.6892790427977195
0.695108782455921
0.6918032957646716
0.6848537877683104
0.6865030589640494
0.6833468747178878
0.6813521246085151
0.6795900085414888
0.677119573897766
0.6871853364166024
0.6867304847815671
0.6823902974243592
0.6737272834593724
0.6715415651062825
0.6726578612945564
0.667435747866364
0.6699773615827448
0.6702811746977494
0.6622414116372576
0.6686023902279814
0.6632518072540156
0.6668020805122116
0.6703575619952362
0.6733887488455101
0.6801472885981542
0.6772480434435394
0.6776195634813164
0.6740779705978348
0.6776855343291459
0.6774858857107143
0.6747307347763588
0.6660173746380283
0.6615330930605612
0.6645174058873774
0.670687416234384
0.6639445011562259
0.6707221377332416
0.6779355291209211
0.6782532308354687
0.6839614452476684
0.687325958486976
0.6912512239328348
0.684874620667625
0.6810101178447672
0.6659236265911127
0.6572050582279536
0.6519777365749325
0.6597345194197343
0.6558786969715908
0.6514985798906967
0.6586373200558322
0.6585730852829454
0.6627309847711506
0.6616910758803636
0.6598247953167642
0.6593109171336708
0.6563856308549127
0.6568109692159191
0.6641389415498288
0.6608716485073227
0.6580296938258231
0.6571911696284105
0.6592102247869837
0.6664027832753484
0.662902856190496
0.6579029603549926
0.6575453289167587
0.6598178510169928
0.6691996000083331
0.6703072158218926
0.6703610341451219
0.6679114324007138
0.6607865808351215
0.658788358575863
0.6548023305070033
0.6474882467726367
0.6450560057776574
0.6520489156475907
0.645790365478497
0.6506860968174274
0.6563196600070832
0.6621233585411415
0.665340305410304
0.6658090456448824
0.657152975979667
0.6595661201502746
0.6540471379068492
0.6657413387221099
0.6577762268841622
0.6563335486066263
0.6606633195141768
0.656647778171288
0.6584602404116581
0.6557849489246752
0.648613223335625
0.6523318958632807
0.651939542926189
0.6514169843683812
0.6434327757060617
0.6476583821170392
0.6446983743394235
0.649014256647431
0.6480802483281598
0.6539342930355617
0.6521582883689924
0.6503753394026514
0.6554932883342708
0.6565418775997722
0.6517155892585571
0.6581460108469962
0.6598751414901078
0.6598959743894225
0.6480976090775886
0.6452834315951751
0.6341169975625508
0.6360770261730658
0.6317437831156295
0.6389832156274522
0.6324781428164691
0.6428442463004242
0.6456809927570953
0.6396220912064332
0.6325319611396985
0.6414345534468032
0.6453250973938043
0.6425873072088776
0.6389363416039944
0.6430959771671424
0.6444952535711062
0.6377349777435193
0.6394068179135157
0.6429171614480254
0.6353756518961411
0.6332489600911092
0.6306344312271273
0.6250494781358722
0.6278393505690854
0.6317194780664291
0.6391811281709409
0.6307004020749568
0.6379658757109227
0.6367523593258474
0.6361429970208954
0.6400248605931821
0.6427574425532802
0.640352978757387
0.6508353992625153
0.6505159614730248
0.6515211488649542
0.6478910161593856
0.6427522343284515
0.6423893946653889
0.6407904696429936
0.6417956570349229
0.6352176690763387
0.6337489496746596
0.6339833197919488
0.6373391526565418
0.6403165211835865
0.6319816253828046
0.6283445483774643
0.6205026978604612
0.6191867530537558
0.6138326979299042
0.6155288431491011
0.6170548530238953
0.6103744366436811
0.6089473830406311
0.6128639681117755
0.6133587494704972
0.6157805740158191
0.6222075234543725
0.6262473698464616
0.6246588612737235
0.6211901835378429
0.6271292959174462
0.6316135774949133
0.6267352069054117
0.6280094859134879
0.6330041735241627
0.6312333770824219
0.631380943452567
0.6236067998583363
0.6261709825489746
0.6322455087741228
0.6298827107768589
0.6310858107122769
0.6293809851183656
0.62872127664007
0.6325857794629278
0.643101185391971
0.6329191058519614
0.6362940355409262
0.6257230752137108
0.6213047644840732
0.6127754282896885
0.6121782185093366
0.6124907119990556
0.6092477240057499
0.6072616542710916
0.6124403658257119
0.6083848947591369
0.6073988041915793
0.6147545537245752
0.6154194704276994
0.6051679478899745
0.608516836454796
0.605428359131407
0.6011211571981139
0.5993659854308591
0.6038311701839545
0.5947202488837038
0.6115219821809268
0.6122650222564807
0.6170826302229815
0.6106678333090283
0.6186676666458337
0.6214558030041041
0.626151885724603
0.6302524947396929
0.6355943973389443
0.632169121476636
0.6311083796865343
0.632910425477247
0.6315597591716839
0.6364138247119852
0.6426758470309646
0.6549290639778338
0.6555905085310723
0.6571061019562092
0.6581026089734242
0.650767692339743
0.6531339624868926
0.6467521509968542
0.6466705554745388
0.6342836607570675
0.639000576376881
0.6393894571640869
0.6362784108664403
0.6407522759942501
0.6365735436067305
0.6391290459226544
0.6365544467823587
0.6358443921307195
0.6365249335083297
0.6308410241453303
0.6259383485066283
0.6271188794677889
0.6122980076803956
0.6086296813260835
0.6029735491621703
0.6035169406192926
0.5955778699054881
0.6004840176940758