
10783.830876350403
3107.917428970337
3466.5455062389374
2134.340051651001
2841.396933555603
1872.0574696063995
1755.4931471347809
1767.6046559810638
1818.3244829177856
1735.1250751018524
1713.586543083191
1694.266087770462
1679.413134098053
1667.3768303394318
1661.155138015747
1644.6577467918396
1639.6833333969116
1634.9667720794678
1628.7246959209442
1621.5572080612183
1615.1616406440735
1608.7326791286469
1607.8375356197357
1602.619648218155
1601.7379512786865
1594.5494394302368
1593.7231814861298
1589.783373594284
1589.6049978733063
1586.718003988266
1584.219717502594
1581.947901725769
1575.2477443218231
1534.6924073696136
1325.5525269508362
1138.6370339393616
1434.9568247795105
1345.7682082653046
1199.834985256195
1158.485152721405
1138.625604391098
1133.3049628734589
1130.686870098114
1133.0630836486816
1131.253695011139
1130.5849766731262
1129.707997560501
1144.272465467453
1329.184668302536
1330.9596211910248
1187.9343903064728
1273.65505361557
1257.0382056236267
1182.9911246299744
1155.6188814640045
1150.0706553459167
1136.7204356193542
1136.188553571701
1137.0622301101685
1134.794233083725
1128.51162981987
1123.004851102829
1124.4545521736145
1122.388128042221
1122.8668773174286
1120.3509225845337
1122.3180181980133
1120.9717545509338
1120.506863117218
1118.5665874481201
1119.3119404315948
1121.124836921692
1120.613629102707
1118.611453294754
1117.9017684459686
1117.7469551563263
1119.984190940857
1118.863537788391
1118.9548263549805
1117.4457902908325
1121.6531524658203
1117.7432935237885
1117.1792931556702
1117.9466667175293
1118.0385038852692
1117.3917956352234
1117.4187409877777
1116.4648571014404
1117.4469821453094
1118.4943466186523
1115.653020143509
1117.2150707244873
1119.7619659900665
1117.763332605362
1118.1962294578552
1117.2363810539246
1116.8037090301514
1117.8218915462494
1116.4310567378998
1115.8367533683777
1118.1161160469055