937.1819169521332
165.69556593894958
94.89563703536987
68.15913105010986
54.379393577575684
45.760464906692505
39.82930541038513
35.77200746536255
33.46341800689697
30.774776220321655
28.27034902572632
26.491809606552124
25.062790870666504
24.084438800811768
23.02516770362854
22.160010814666748
21.287681818008423
20.786415815353394
20.10133934020996
19.533549070358276
18.750914096832275
18.349972248077393
21.899702787399292
18.02601432800293
19.425502061843872
17.185219764709473
16.75441002845764
16.56452775001526
16.395296573638916
16.620548009872437
16.55379056930542
16.09604001045227
15.835859298706055
15.730443716049194
15.519519090652466
15.271451711654663
15.107996702194214
15.043789625167847
14.840384006500244
14.719766855239868
14.554495811462402
14.557690858840942
14.301221370697021
14.392762184143066
14.136556386947632
14.111136674880981
13.91486382484436
13.908464431762695
13.87658143043518
13.745492935180664
13.741082906723022
13.567732095718384
13.625134944915771
13.566340923309326
13.34790587425232
13.720176458358765
13.456621170043945
13.293508529663086
13.39702296257019
13.232086896896362
13.342458486557007
13.095381021499634
13.144568920135498
13.08088994026184
13.24565863609314
12.968048572540283
12.94425106048584
12.894360542297363
12.910882711410522
12.70005750656128
12.67259693145752
12.677974224090576
12.697022676467896
12.773822784423828
12.724422454833984
12.488362312316895
12.545217275619507
12.636474132537842
12.511930704116821
12.569245338439941
12.514546394348145
12.319478988647461
12.270987272262573
12.37308931350708
12.346337080001831
12.300519943237305
12.356359958648682
12.354871273040771
12.13058853149414
12.09162425994873
12.119759559631348
12.124025106430054
12.138050556182861
12.181602239608765
12.191406726837158
12.150798320770264
12.104641675949097
11.997096300125122
11.899487257003784
12.040555953979492
12.005541324615479
12.0551438331604
11.991414070129395
12.026086330413818
12.001801490783691
12.005950689315796
11.982699394226074
11.792020320892334
11.753515005111694
11.782872915267944
11.82571268081665
11.774316549301147
11.773682117462158
11.724529504776001
11.685811758041382
11.761480808258057
11.738692045211792
11.743294954299927
11.865726947784424
11.801301956176758
11.78782606124878
11.508489847183228
11.497553586959839
11.551839351654053
11.505935668945312
11.508091926574707
12.167346715927124
11.612996339797974
11.599923610687256
11.555656909942627
11.583455085754395
11.530980110168457
11.661855936050415
11.568970918655396
11.495068311691284
11.561826944351196
11.59080195426941
11.554606437683105
11.311878204345703
11.293742895126343
11.316232681274414
11.338985681533813
11.383476734161377
11.220962524414062
11.173457622528076
11.209163427352905
11.151213884353638
11.451374053955078
12.974311113357544
12.789183139801025
12.881193161010742
11.210416078567505
12.878174543380737
12.844797372817993
12.772130489349365
12.289351463317871
12.765405178070068
12.771677017211914
12.760066747665405
12.866554260253906
12.842174291610718
12.664916276931763
12.646430730819702
12.604632139205933
12.453099727630615
12.900035381317139
12.595220804214478
12.364844560623169
12.497205257415771
12.534891605377197
12.475266695022583
12.508106470108032
12.461989879608154
12.540100574493408
12.671232461929321
12.824695348739624
12.991727352142334
12.653409242630005
12.48930835723877
12.436070919036865
12.488404512405396
12.522836685180664
12.42434048652649
12.375670194625854
12.53257155418396
13.146421432495117
12.743568897247314
12.822525024414062
12.691731929779053
12.38542127609253
12.501805305480957
12.609284162521362
13.241244792938232
12.344786643981934
12.612180471420288
12.455538034439087
12.307609558105469
12.324152708053589
12.333991289138794
12.932683944702148
12.62209177017212
12.683890342712402
12.44857120513916
12.24195647239685
12.399601697921753
13.014249563217163
12.497800827026367
12.61498475074768
12.244319200515747
12.322354078292847
12.559054136276245
12.947312593460083
12.608245372772217
12.361899375915527
12.315120935440063
12.448240995407104
13.035022497177124
12.667337894439697
12.636026859283447
12.350509405136108
12.267534017562866
12.289253234863281
12.846444368362427
12.662508964538574
12.715334415435791
12.742498636245728
12.39940857887268
12.32819652557373
12.283756256103516
12.855096578598022
12.662801027297974
12.686470031738281
12.23571228981018
12.299089670181274
12.303934335708618
12.292477130889893
12.24771785736084
12.38533616065979
12.626408576965332
12.978111028671265
12.864409685134888
12.462220668792725
12.640514373779297
12.658574342727661
12.552341222763062
12.468863010406494
12.157387256622314
12.352250576019287
12.116379261016846
12.325159072875977
12.490556240081787
12.37203073501587
12.428958415985107
12.345072269439697
12.549392938613892
12.377376556396484
12.154464483261108
12.179357051849365
12.0890371799469
12.190696954727173
12.216501951217651
12.196093082427979
12.171910762786865
12.149702548980713
12.173595905303955
12.16582727432251
12.173001527786255
12.17280101776123
12.173895597457886
12.09037470817566
12.109853029251099
10.540094137191772
10.58712911605835
10.624802589416504
10.601370573043823
10.554720878601074
10.611473560333252
10.609302043914795
10.600857973098755
10.618475437164307
10.60198450088501
11.446979999542236
12.134596109390259
12.202934265136719
12.136519432067871
12.222961187362671
12.172308206558228
12.151095628738403
12.057613849639893
12.055248737335205
11.91376280784607
12.028603792190552
12.346787452697754
12.863257884979248
12.008516073226929
12.745314359664917
11.96019434928894
12.762594938278198
12.18950867652893
11.966724157333374
12.63995361328125
12.031233549118042
12.135594606399536
11.961749076843262
12.11175537109375
12.814110517501831
12.014923095703125
12.040627717971802
11.956165075302124
12.628328323364258
12.468593120574951
12.020244359970093
12.543267965316772
12.088014364242554
12.841138124465942
11.920210123062134
12.203423023223877
12.316195726394653
12.250694990158081
12.234563112258911
12.282832384109497
12.28334093093872
12.049936532974243
11.94941782951355
11.999979972839355
12.005679845809937
12.032262802124023
12.00733995437622
12.022214651107788
11.984771966934204
11.79810380935669
10.535602569580078
11.887165546417236
11.855386734008789
11.944762945175171
11.805735349655151
11.891116619110107
11.877657890319824
11.919196367263794
12.015561819076538
11.829710721969604
11.888046503067017
11.885138273239136
11.904259443283081
11.860227108001709
11.911810874938965
11.850549221038818
11.899887084960938
11.777310132980347
11.864473104476929
11.786793231964111
11.851581573486328
11.726446390151978
11.834437370300293
11.819051504135132
11.832669258117676
11.698613166809082
11.79139518737793
11.813124418258667
11.844201803207397
11.88291621208191
11.79468297958374
11.772651433944702
11.778076171875
11.847019910812378
11.681915521621704
11.733220100402832
11.748236179351807
11.83076286315918
11.7173011302948
11.799684762954712
11.82565712928772
11.975084781646729
11.8705735206604
11.895081281661987
12.105802536010742
11.746605634689331
11.706531286239624
11.75876235961914
11.806208848953247
12.112103939056396
11.831767559051514
11.790066719055176
11.8734712600708
11.810718536376953
11.823917865753174
11.769001722335815
11.71989393234253
11.826310157775879
11.755311250686646
11.742436408996582
11.746081590652466
11.773163795471191
11.740345239639282
11.71107029914856
11.795010089874268
11.796495199203491
11.71710467338562
11.791284322738647
11.819201946258545
11.791777610778809
11.729959726333618
11.743290185928345
11.769460201263428
11.813970565795898
11.80136251449585
11.842058897018433
11.791691780090332
11.721256256103516
11.802889108657837
11.84373140335083
11.76978588104248
11.790106534957886
11.762827157974243
11.837292671203613
11.676311731338501
11.783484697341919
11.750483989715576
11.76419711112976
12.163909435272217
11.804954051971436
11.77436900138855
11.814131021499634
11.70570707321167
11.817352056503296
11.699127674102783
11.60477614402771
11.358274221420288
11.785712957382202
11.638269424438477
11.58999752998352
11.630658626556396
11.562661409378052
11.568405628204346
11.114989519119263
11.196105241775513
11.144945621490479
11.91299843788147
12.046311855316162
12.119999408721924
12.21388053894043
12.115511655807495
12.064620733261108
12.1680006980896
12.04141902923584
12.151001214981079
12.069593906402588
12.312610387802124
12.034438848495483
12.169808149337769
12.041965246200562
12.264161348342896
12.046262979507446
12.026194095611572
11.98716425895691
12.051246166229248
11.998493909835815
12.165996074676514
12.068506240844727
12.140850067138672
12.08776307106018
12.06627345085144
12.055740356445312
11.823075532913208
11.887348413467407
11.70060658454895
11.816452264785767
11.846290349960327
11.831247568130493
11.803230047225952
11.819192886352539
11.794835805892944
11.815324783325195
11.849708795547485
11.852628946304321
11.797182559967041
11.857158899307251
11.790305376052856
11.817679405212402
11.835826396942139
11.871001958847046
11.836341619491577
11.814583539962769
11.561990737915039
11.520848274230957
11.61458945274353
11.541120052337646
11.638793230056763
11.568706274032593
11.630440711975098
11.637786149978638
11.618909120559692
11.64688754081726
11.619930028915405
11.654151916503906
11.660843849182129
11.667709589004517
11.714685201644897
11.615044355392456
11.704864740371704
11.710586786270142
11.68035626411438
11.585640668869019
11.651855945587158
11.761081457138062
12.06807541847229
11.669517040252686
11.716934442520142
11.891580820083618
11.907413721084595
11.907753467559814
12.028894186019897
11.931126356124878
11.811848402023315
11.95139193534851
11.97131085395813
11.914103269577026
12.001267910003662
11.72091555595398
12.024147272109985
11.935887813568115
11.898756265640259
11.692275047302246
11.738746643066406
11.737558841705322
11.71906590461731
11.675818920135498
11.823493719100952
11.623577356338501
11.957680463790894
11.786038398742676
11.751838207244873
11.862445592880249
11.88000750541687
11.791414499282837
10.903996229171753
11.466551780700684
11.894253253936768
11.924307107925415
11.956226825714111
11.650540828704834
11.866374015808105
11.728917598724365
11.72413969039917
11.74349594116211
11.993709087371826
12.015136480331421
12.005474090576172
12.04420018196106
11.935883283615112
12.132355213165283
12.072964191436768
12.00857400894165
11.964431524276733
12.002150297164917
12.080893516540527
11.98556923866272
11.993321657180786
11.876405477523804
11.652977466583252
11.78702974319458
12.01849102973938
12.138004779815674
12.198112487792969
12.326211929321289
12.324604749679565
12.352257013320923
12.294387102127075
12.181567668914795
12.266513586044312
11.988111734390259
11.794785976409912
11.68224835395813
11.477749586105347
11.519293785095215
11.558518171310425
11.635019063949585
11.497313022613525
11.516297578811646
11.854526042938232
11.909504413604736
11.54154372215271
11.8054518699646
11.765525817871094
12.034566879272461
11.980661153793335
11.762505292892456
11.561563968658447
11.505175590515137
11.647682666778564
11.583622455596924
11.830909729003906
12.140782117843628
12.11519169807434
11.763228178024292
11.853323221206665
11.953195810317993
11.993635177612305
11.678657531738281
11.592530488967896
11.509796619415283
11.54718804359436
11.543420553207397
11.59378957748413
11.563137769699097
11.759562969207764
11.841658115386963
12.058899402618408
12.131301403045654
11.968231916427612
12.103334903717041
12.17973017692566
11.975033283233643
11.994925260543823
11.911635398864746
11.947905540466309
12.034938097000122
12.311746835708618
11.913349151611328
13.53554391860962
12.46287727355957
12.13487434387207
11.906660795211792
11.95956802368164
12.260647058486938
12.362134218215942
11.92526912689209
11.942903518676758
11.915924310684204
11.590458154678345
11.881328105926514
12.20837926864624
12.318690776824951
12.349917650222778
11.948975086212158
11.809702634811401
12.283515214920044
12.072270631790161
11.916122913360596
11.903984546661377
11.79557752609253
11.861590147018433
11.701415300369263
11.720693826675415
11.72294807434082
11.710267782211304
11.756379127502441
11.733464479446411
10.266330003738403
10.19571566581726
10.252525806427002
10.226207256317139
10.234526634216309
10.229939937591553
10.21209716796875
10.219245195388794
10.177374839782715
10.111265897750854
10.241669654846191
10.8573739528656
11.681871891021729
11.694279193878174
11.656158447265625
11.810394048690796
11.84913444519043
11.767746210098267
11.79114556312561
12.172176599502563
11.703428030014038
12.17003345489502
12.074079513549805
11.6996750831604
12.4088876247406
11.717803239822388
12.066977739334106
11.694142818450928
12.197706699371338
11.74011516571045
12.332093000411987
11.805730819702148
11.92479419708252
11.71543002128601
11.474326372146606
11.719167947769165
11.642159700393677
11.888349533081055
12.362969875335693
11.790223360061646
12.414202690124512
11.781091690063477
11.978786945343018
11.70373272895813
11.660508394241333
12.122102975845337
11.812336683273315
11.416283369064331
11.918473720550537
11.88688611984253
11.94776439666748
11.979545831680298
11.883202314376831
11.919302463531494
12.052973508834839
11.954343795776367
11.938441038131714
11.91718602180481
12.977818012237549
12.677932024002075
12.204527616500854
12.864595890045166
12.79526400566101
12.829007863998413
12.650266647338867
12.481207847595215
12.083374500274658
12.094724416732788
12.10096526145935
11.94045615196228
11.888365983963013
11.922118186950684
11.732337236404419
11.761229753494263
11.736040353775024
11.722660064697266
11.813779354095459
11.71326994895935
11.611162185668945
11.566394329071045
11.447281837463379
11.456916809082031
11.53984260559082
11.481844902038574
11.511467218399048
11.608946323394775
11.455343008041382
11.446833610534668
11.431892156600952
11.650365352630615
10.869012594223022
11.784590482711792
11.745591878890991
11.769984722137451
11.636169195175171
11.612169981002808
11.882990598678589
11.964691638946533
11.90030837059021
11.636638402938843
11.687287330627441
12.133426904678345
12.190883159637451
12.120347023010254
11.65168309211731
11.728631973266602
11.598196029663086
11.432120561599731
11.41938829421997
11.450466394424438
11.383929014205933
11.379953861236572
11.46141266822815
11.435706853866577
11.460492849349976
11.567625761032104
11.642612218856812
11.566595792770386
11.490138530731201
11.107999563217163
11.170761585235596
11.168387174606323
11.06613802909851
11.089574337005615
11.27409553527832
11.138338327407837
11.238051891326904
11.111918926239014
11.232966184616089
11.61446237564087
11.574299573898315
11.622053384780884
11.600197315216064
11.668699502944946
11.588548183441162
11.691209316253662
11.548464298248291
11.572759628295898
11.642457485198975
11.332302331924438
11.161543846130371
11.088064193725586
11.148008346557617
11.614604711532593
11.207727193832397
11.129767656326294
11.113066911697388
11.100368976593018
11.105468273162842
11.695072650909424
11.42464542388916
11.455748558044434
11.468480110168457
11.604224443435669
11.359940528869629
11.36417007446289
11.505045652389526
11.559425354003906
11.38701319694519
11.44196343421936
11.465791940689087
11.403468132019043
11.442410469055176
11.472110748291016
11.372103929519653
11.386523962020874
11.41435170173645
11.416070938110352
11.319185018539429
11.422951936721802
11.455547571182251
11.432682752609253
11.479400634765625
11.381128311157227
11.425533533096313
11.422598123550415
11.396697044372559
11.415785074234009
11.381469964981079
11.406785011291504
11.417028427124023
11.411246061325073
11.437231302261353
11.333062648773193
12.88316822052002
12.986291646957397
12.949939250946045
13.699203252792358
11.667272090911865
11.708301067352295
11.717695236206055
11.514592409133911
11.470214366912842
11.421017408370972
11.466033458709717
11.550111532211304
11.58181118965149
11.016362190246582
10.988343238830566
10.96866488456726
10.928053617477417
10.759368181228638
10.79320240020752
10.90867567062378
10.946431875228882
11.4076509475708
11.40634274482727
11.306418180465698
11.347428560256958
11.369864225387573
11.388789892196655
11.431921005249023
10.92767333984375
11.134754180908203
10.385323286056519
12.940736532211304
12.454633474349976
10.999953508377075
10.358686447143555
10.372349500656128
11.321850538253784
11.125176668167114
11.47774863243103
11.52705979347229
10.961803436279297
10.678174018859863
10.408462762832642
10.480015516281128
10.409940242767334
10.291108846664429
10.249168157577515
10.30137586593628
11.859657287597656
11.8703932762146
11.693976402282715
11.812459707260132
11.919560432434082
11.840057373046875
11.948145627975464
11.860172271728516
11.89053726196289
11.903711080551147
12.159470796585083
12.118829011917114
12.245660781860352
12.458733320236206
11.945125579833984
12.182260036468506
12.095182418823242
11.948132753372192
12.035143852233887
11.992419958114624
11.861954927444458
12.071532249450684
12.070173263549805
12.037476301193237
12.185978174209595
11.933072805404663
11.902064800262451
12.413795232772827
12.497545957565308
12.475401878356934
12.733543634414673
12.692898988723755
12.723345041275024
12.573503494262695
12.845030069351196
13.108691930770874
12.77717900276184
12.757900953292847
12.908448457717896
12.924610376358032
12.812285661697388
12.824783563613892
12.889476776123047
12.896636009216309
12.93363356590271
12.916860580444336
12.772835969924927
12.918288469314575
12.510092496871948
11.553566694259644
13.165685653686523
13.0764799118042
12.887343406677246
12.751764297485352
13.13145399093628
13.064254522323608
13.092365264892578
13.230867147445679
13.338051080703735
12.892776727676392
12.940626621246338
12.730331420898438
12.802871465682983
12.803884983062744
12.862504959106445
12.851136922836304
12.658758401870728
12.812121629714966
12.858804702758789
12.672476053237915
12.864607810974121
12.916670322418213
13.126000881195068
13.229787588119507
 
