
24659.331783533096
6363.872782230377
4698.501878976822
3765.94256734848
3087.3251328468323
2815.3971512317657
5440.44783782959
2429.5378715991974
2384.947097301483
2460.8283791542053
2301.3745584487915
2227.7677795886993
2180.716822385788
2152.427006006241
2243.901357650757
2181.669480085373
2065.2318511009216
2053.673154115677
2027.2664716243744
2003.2706134319305
1989.9993817806244
1979.0433177947998
1973.2261970043182
1963.633005142212
1941.5128898620605
2083.649309158325
2056.609531879425
2223.2258808612823
2157.905443906784
1890.7314324378967
1857.9574508666992
1964.7776165008545
2048.292165517807
2092.780686378479
2078.8986463546753
2013.9209780693054
1891.2379219532013
1904.5185616016388
1949.9095883369446
1989.1045234203339
1975.7741227149963
1976.0390350818634
1955.220819234848
1975.5806016921997
1958.890382051468
1937.0162057876587
1899.7727055549622
1934.697600364685
1916.7336456775665
1927.2583944797516
1917.7967607975006
1923.7039308547974
1911.4531300067902
1917.9022946357727
1921.3492662906647
1934.3045043945312
1920.3713138103485
1914.4386518001556
1915.8559296131134
1956.4614837169647
1484.4818744659424
1687.4443817138672
1745.3872420787811
1833.797264099121
1776.5568931102753
1719.9571750164032
1734.6834359169006
1727.5288169384003
1677.2531144618988
1672.2119505405426
1639.0780296325684
1654.5477547645569
1639.0748972892761
1579.524781703949
1575.8467276096344
1490.478593826294
1485.1740667819977
1574.7210245132446
1495.1479556560516
1385.2217259407043
1420.3168635368347
2349.350421667099
1469.7938895225525
1600.1836805343628
1615.9637851715088
1506.5613842010498
1561.6047751903534
1597.6222472190857
1699.5695111751556
1681.1322951316833
1640.5835175514221
1611.7010114192963
1630.362111568451
1632.4427297115326
1653.0427327156067
1669.3900198936462
1693.7269749641418
1764.5465850830078
1795.0311191082
1803.693867444992
2332.6026735305786
1634.9554080963135
1741.0320031642914
1755.260603427887
1753.3968524932861
1694.2514345645905
1574.4342498779297
1678.1251890659332
1726.9944996833801
1708.5285654067993
1691.638828277588
1704.5167226791382
1719.6563041210175
1687.6145434379578
1694.9636671543121
1698.074889421463
1759.6704750061035
1756.2716329097748
1664.8922295570374
1684.4501135349274
1740.7274377346039
1704.481277704239
1685.53883767128
1749.149878501892
1788.9237484931946
1778.186170578003
1761.6130163669586
1701.3879368305206
1685.117182970047
1649.9409613609314
1706.4291141033173
1651.9000878334045
1700.1037766933441
1712.993906736374
1710.5190978050232
1711.099182844162
1684.2674548625946
1602.6272501945496
1576.1398458480835
1537.6771926879883
1528.5414781570435
1549.0019216537476
1525.5185079574585
1496.569102525711
1462.725189447403
1451.3906178474426
1469.3366980552673
1515.7872376441956
1542.5417292118073
1541.8378236293793
1550.2713422775269
1558.3824408054352
1605.582858800888
1624.7876896858215
1651.8406693935394
1635.2075836658478
1651.5851216316223
1656.6971876621246
1630.5495991706848
1682.273027420044
1727.0342144966125
1705.6543118953705
1653.4190413951874
1672.383868932724
1750.77086520195
1752.2091290950775
1727.528908252716
1741.0696547031403
1632.894451379776
1686.2163453102112
1748.130072593689
1753.882081270218
1791.575637102127
1760.705189704895
1714.0113224983215
1742.768176317215
1745.5245678424835
1736.1787338256836
1699.4716184139252
1675.6096484661102
1601.8938572406769
1594.8015756607056
1554.7900865077972
1518.5115447044373
1288.5475251674652
1875.1690118312836
1182.8110105991364
1190.526461839676
1246.497653245926
1225.985446691513
1263.4168770313263
1276.8677234649658
1337.6814665794373
1358.5733406543732
1380.0947465896606
1418.495852470398
1476.403482913971
1575.1479926109314
1474.8842051029205
2174.5482602119446
1387.5832509994507
1462.9392321109772
1615.7715072631836
1649.2936522960663
1627.4183864593506
1633.4467010498047
1618.1659514904022
1651.2234075069427
1727.6638295650482
1749.1615943908691
1729.78964138031
1741.871386051178
1718.7384169101715
1721.1662056446075
1691.5039587020874
1733.5025038719177
1724.3525850772858
1695.5912272930145
1553.9572310447693
1538.9992606639862
1580.164074420929
1581.8380880355835
1487.8249735832214
1472.9831714630127
1502.0029978752136
1566.4445774555206
1549.4580171108246
1612.8669996261597
1536.879967212677
1531.3243889808655
1525.2976427078247
1569.7911579608917
1597.8350760936737
1616.2682268619537
1592.71475815773
1617.0531468391418
1645.3718926906586
1614.5421319007874
1608.1186106204987
1594.5551826953888
1615.331770658493
1593.3939440250397
1572.8228805065155
1558.5132694244385
1593.1574535369873
1575.04864859581
1516.8866391181946
1476.436322927475
1432.6252250671387
1384.7478241920471
1403.459600687027
1410.509013414383
1406.682647228241
1356.8236780166626
1324.480663061142
1308.189923286438
1282.7079727649689
1296.2990543842316
1275.937252521515
1283.5557262897491
1235.028137922287
1276.4987995624542
1305.0721173286438
1306.7371752262115
1276.816635131836
1259.812254667282
1255.1193737983704
1235.8663330078125
1247.0263724327087
1237.01149559021
1242.0079865455627
1202.9603831768036
1204.3415312767029
1199.4339118003845
1171.198688030243
1173.0233826637268
1169.2009053230286
1167.4495978355408
1159.6907646656036
1222.3535106182098
1309.5517599582672
1394.7249722480774
1250.872272014618
1516.9505968093872
1698.3347549438477
1587.6108665466309
1245.1956074237823
1228.4771101474762
1226.3633189201355
1277.4715025424957
1264.4174671173096
1247.424430847168
1248.0728561878204
1213.1740701198578
1198.7289171218872
1597.8838150501251
1850.7764689922333
1855.0982694625854
1901.2313001155853
1904.4027976989746
1903.0382158756256
1887.3145117759705
1874.2380003929138
1813.2773728370667
1780.1040782928467
1710.7338473796844
1620.9397914409637
1580.0127019882202
1531.892174243927
1483.7208938598633
1438.396904706955
1448.5328214168549
1420.8641662597656
1369.5886704921722
1278.0603487491608
1256.920033454895
1198.2620916366577
1186.6923170089722
1193.3274428844452
1196.1629881858826
1163.837596654892
1164.8950378894806
1166.884479045868
1164.738320350647
1165.0270323753357
1169.1357777118683
1166.1672174930573
1163.5770950317383
1164.045266866684
1164.1197328567505
1163.5879471302032
1163.5758802890778
1170.840252161026
1172.969159603119
1169.7140309810638
1171.1352167129517
1169.1779317855835
1171.2490146160126
1176.0783207416534
1185.0937194824219
1170.9180541038513
1177.4605152606964
1169.5813841819763
1168.8873097896576
1172.4588267803192
1252.9886269569397
1300.428704738617
1289.4618182182312
1289.1692407131195
1335.5670957565308
1309.4854891300201
1305.7009983062744
1328.2703967094421
1320.3708882331848
1302.786190032959
1275.3621549606323
1256.9531440734863
1266.5106930732727
1261.8963775634766
1273.0245249271393
1279.2040820121765
1272.2110512256622
1280.2541706562042
1301.2608950138092
1319.2193548679352
1310.4856102466583
1298.7587478160858
1301.748118877411
1307.2763783931732
1340.9580779075623
1347.48894739151
1393.5862946510315
1387.1743400096893
1406.806922674179
1384.8104012012482
1345.0507414340973
1343.5291469097137
1293.1047887802124
1304.3111598491669
1308.5203890800476
1290.5724546909332
1310.9210453033447
1529.5461602210999
1455.7336857318878
1427.7877066135406
1415.4304902553558
1396.6626358032227
1486.715069770813
1392.2716038227081
1402.7844941616058
1391.4834070205688
1386.4143567085266
1390.7536730766296
1336.3058845996857
1307.1636877059937
1299.671152830124
1615.703072309494
1630.4339880943298
1515.575031042099
1491.61727309227
1400.1218791007996
1262.5827429294586
1237.415869474411
1227.5211181640625
1227.9063129425049
1232.2301495075226
1226.474051952362
1228.0373365879059
1226.27680850029
1607.5999248027802
1501.6932730674744
1437.6849224567413
1451.2964808940887
1459.2780208587646
1570.9273335933685
1460.8396191596985
1465.7106211185455
1436.78333735466
1607.6530289649963
1557.7363131046295
1520.0435998439789
1521.5686783790588
1507.5940763950348
1566.4875473976135
1523.1731758117676
1500.9295568466187
1450.5772988796234
1573.5891454219818
1463.3656151294708
1408.5189054012299
1415.1007788181305
1426.0834703445435
1238.560868024826
1189.8786435127258
1190.4907472133636
1189.4646000862122
1274.791243314743
1279.6765804290771
1276.8906564712524
1282.2054424285889
1280.531013727188
1279.874042749405
1274.3523950576782
1276.3015596866608
1280.6313025951385
1279.883412361145
1280.6297416687012
1275.442242860794
1274.3383345603943
1273.7773778438568
1248.0254168510437
1251.7332961559296
1250.3954305648804
1254.6646447181702
1252.3180329799652
1251.3216261863708
1248.7528796195984
1250.842660665512
1255.2999765872955
1253.6663179397583
1249.121369600296
1253.222630739212
1243.2724759578705
1183.3244888782501
1184.996455669403
1187.438233613968
1223.9675333499908
1253.2563095092773
1256.991629600525
1260.8349640369415
1298.5366532802582