
9955.639407873154
1549.0814337730408
873.7708699703217
638.6435594558716
502.603230714798
422.29552125930786
361.7105715274811
333.80233454704285
334.0989120006561
323.51512575149536
270.7783079147339
255.3573660850525
242.37745189666748
230.26482915878296
219.55005192756653
211.05761623382568
204.32212233543396
198.37315917015076
191.34198641777039
185.13084268569946
180.46038031578064
179.71696543693542
175.25839042663574
170.5151240825653
165.63382077217102
161.00197005271912
161.50790452957153
162.67499256134033
153.26322269439697
155.0106508731842
148.03403687477112
148.53982210159302
143.9135081768036
142.8569519519806
142.2881691455841
140.31244611740112
140.0008647441864
136.07320857048035
134.8460817337036
133.8740873336792
133.34788417816162
133.2712197303772
131.85515022277832
130.05724024772644
129.64775609970093
128.41345071792603
128.44774675369263
127.38204050064087
128.85302591323853
148.12804293632507
196.56855463981628
194.17697548866272
192.38215613365173
192.68170070648193
192.57653260231018
191.8064877986908
189.0755546092987
183.59433150291443
186.5741105079651
186.81689262390137
183.89242362976074
179.98448586463928
176.06890749931335
177.4825267791748
176.74733090400696
175.40419840812683
174.91564273834229
179.01277446746826
180.3437237739563
177.56545996665955
172.8533217906952
170.78552746772766
172.49868369102478
176.1859359741211
175.75891017913818
176.10128903388977
174.29729843139648
173.17103743553162
172.84431838989258
175.65905332565308
177.02624583244324
174.52572751045227
176.54243779182434
176.92593955993652
175.7555615901947
175.85419940948486
175.98408269882202
173.27165365219116
173.3562774658203
171.13864994049072
172.4350984096527
171.83897876739502
172.40972256660461
173.04476118087769
170.61964631080627
169.8816101551056
171.4085133075714
170.96723556518555
171.02341985702515
171.4325852394104
171.9599359035492
172.74868988990784
170.9416630268097
168.70172882080078
168.39945650100708
168.04927682876587
163.55288195610046
163.29278540611267
163.12384581565857
162.24626398086548
161.9567847251892
163.66496515274048
165.47318124771118
167.53322577476501
166.71508240699768
168.68229937553406
166.4362666606903
166.14199566841125
164.5206184387207
164.59111094474792
165.92943501472473
164.80366778373718
163.47487545013428
163.31696796417236
163.36718559265137
161.56455659866333
161.6819212436676
161.81469535827637
163.45391154289246
160.19477343559265
161.1290910243988
160.1708788871765
159.5276198387146
159.35118770599365
157.79930639266968
157.1533043384552
155.71184492111206
153.6396107673645
153.94930720329285
153.54243874549866
152.201495885849
152.21147465705872
151.78084588050842
152.51982975006104
150.68546676635742
151.4146158695221
151.7478804588318
151.1695683002472
151.63991403579712
151.55527234077454
152.10095643997192
151.24658703804016
150.76640391349792
150.44434022903442
150.2161843776703
149.3190233707428
149.57237553596497
148.1322100162506
147.21611952781677
147.03248524665833
145.50788760185242
145.63358235359192
141.26404547691345
140.74086570739746
138.91445994377136
136.89171886444092
140.0752944946289
140.05282139778137
137.3129951953888
137.68048882484436
137.16783499717712
137.18573808670044
138.10322642326355
135.9629499912262
132.42013430595398
133.7562325000763
133.17202615737915
132.57007813453674
134.19340133666992
132.66758608818054
133.7793164253235
133.1027171611786
131.09380078315735
131.67235159873962
133.066556930542
131.971839427948
131.6849901676178
129.23505330085754
130.6675524711609
128.60002541542053
128.97507119178772
129.4232199192047
127.13379096984863
127.28721356391907
126.86335062980652
125.39751529693604
126.47557425498962
126.2493417263031
126.99799752235413
125.84266591072083
127.41232705116272
125.95245003700256
125.61191320419312
123.70835256576538
123.57629942893982
121.78268504142761
123.02125930786133
120.87219715118408
122.36017560958862
121.84068131446838
122.54888200759888
121.77322745323181
123.05961060523987
120.01278400421143
120.75214672088623
118.73245477676392
117.9384093284607
118.56747722625732
117.85056471824646
119.43219590187073
118.87304329872131
117.71673464775085
116.44355702400208
118.76839208602905
117.96346473693848
117.54014539718628
115.89565086364746
117.85584211349487
117.36710047721863
116.3195948600769
117.29128432273865
116.69352579116821
118.86681318283081
119.91193962097168
118.36957669258118
118.19772601127625
117.82557725906372
117.99347043037415
117.31034541130066
119.42608594894409
114.92316508293152
116.32109880447388
114.85552716255188
115.65075874328613
113.23163604736328
114.96109533309937
115.0970675945282
113.88048076629639
115.68324518203735
114.23285436630249
114.78740739822388
115.82140469551086
114.71667885780334
116.45586109161377
114.27549862861633
113.38308310508728
114.78824090957642
110.3119101524353
109.81742215156555
109.57540225982666
109.60535025596619
105.92988610267639
104.29637408256531
106.38156366348267
106.3144907951355
107.97340965270996
105.45079755783081
104.71875786781311
102.40152835845947
105.17850708961487
100.94777965545654
102.58335018157959
100.96945762634277
100.14220023155212
100.22829580307007
99.99367880821228
100.10956859588623
100.42444443702698
99.60566139221191
101.3690755367279
100.33650922775269
106.45535778999329
102.41504430770874
102.44793152809143
102.94082450866699
100.48659324645996
99.85987591743469
98.26435470581055
99.6903703212738
98.76158595085144
99.17488121986389
95.7821614742279
97.49900150299072
94.94242572784424
94.41468262672424
95.71823501586914
95.2050449848175
94.5650897026062
95.95288801193237
97.94712495803833
97.73276543617249
95.17774558067322
94.3900101184845
94.36052107810974
94.93993830680847
94.15389728546143
94.65577793121338
95.40224361419678
95.11525344848633
94.96507501602173
94.1919436454773
94.85692429542542
94.00788712501526
95.41628861427307
94.14150094985962
95.64445209503174
95.2439136505127
94.73118805885315
95.83141589164734
96.40035510063171
96.01987671852112
95.86769223213196
94.7725567817688
93.45799970626831
95.54132604598999
95.07724165916443
96.28347849845886
96.31402134895325
96.39318251609802
96.17065119743347
95.21897602081299
94.72045421600342
95.37632608413696
95.66234683990479
94.51644945144653
95.36182975769043
94.31224489212036
93.08359479904175
92.50560855865479
93.21224427223206
92.9735894203186
93.01127409934998
93.50093460083008
93.18751645088196
92.68174910545349
92.6672203540802
93.39768123626709
92.53228521347046
92.74660015106201
92.84268641471863
93.11866164207458
92.63142442703247
92.88304829597473
92.82960414886475
92.90934300422668
92.77681088447571
92.4821183681488
94.47722339630127
93.16595268249512
92.72843289375305
93.19178438186646
92.60278964042664
92.61580967903137
92.70623707771301
92.30406546592712
92.77289366722107
92.20068764686584
92.39562726020813
92.09739828109741
92.27408051490784
92.32000231742859
92.20105338096619
92.40729594230652
92.1781632900238
92.08362817764282
92.41729664802551
92.08713793754578
92.12244462966919
92.22946739196777
92.31450724601746
92.19467616081238
92.25801086425781
92.24618124961853
92.40883278846741
92.4507372379303
92.12799167633057
92.20721769332886
92.65514469146729
92.09351658821106
92.02344107627869
92.23072838783264
92.47235536575317
92.09860348701477
92.34228372573853
91.70433831214905
91.93957734107971
92.00949335098267
92.19780373573303
91.7896180152893
91.72652673721313
91.82135057449341
92.49117851257324
92.09332489967346
92.6705060005188
92.24666047096252
92.14231848716736
92.52933359146118
91.72362685203552
91.98479580879211
92.23812675476074
92.22966694831848
92.30305433273315
92.55007815361023
91.78654837608337
92.14908242225647
92.58508229255676
91.96526598930359
91.66707396507263
92.35353064537048
92.14932370185852
92.29923963546753
92.1715259552002
91.58154702186584
91.93225026130676
91.68099045753479
91.72002601623535
91.89166212081909
91.85322427749634
91.94737601280212
91.95953822135925
91.98939919471741
91.83227038383484
91.57427644729614
92.11074638366699
91.49765825271606
91.9354817867279
91.59262824058533
91.50217366218567
91.59335470199585
91.66432523727417
91.57113862037659
91.54926681518555
91.63416719436646
91.85969352722168
91.50782465934753
91.38051152229309
91.58981466293335
91.1165885925293
91.401535987854
91.74953413009644
91.61576128005981
91.72265863418579
91.59519267082214
93.63695359230042
91.3938238620758
91.56812739372253
91.75255513191223
91.26447129249573
91.4757513999939
91.41828870773315
91.34835910797119
91.63196420669556
92.08555698394775
91.2708146572113
91.37526774406433
91.50420880317688
92.34178829193115
91.20508527755737
91.46221780776978
91.52128314971924
91.84968638420105
91.77322149276733
92.09806275367737
91.37967419624329
91.54467225074768
91.95390439033508
91.52236723899841
91.63039827346802
91.42147207260132
91.30617928504944
91.71490406990051
91.58143258094788
91.12541127204895
91.12632083892822
91.54212665557861
91.42747521400452
91.36225748062134
91.38102889060974
91.38942837715149
91.27319955825806
91.4483995437622
91.30070424079895
91.81284022331238
91.84759020805359
91.89263558387756
91.61348986625671
91.56625699996948
91.62632966041565
91.76360321044922
91.66959118843079
91.9028263092041
91.67184686660767
91.97397065162659
91.76751828193665
92.57398653030396
91.85048770904541
92.12240433692932
92.23851203918457
91.84889435768127
91.72009468078613
91.28451776504517
91.4415032863617
91.71055245399475
91.59977412223816
91.84852004051208
91.03318095207214
91.08837127685547
91.58730244636536
91.51099610328674
91.23731303215027
91.19365072250366
91.76666903495789
90.90395140647888
91.53947591781616
91.46509313583374
91.4735779762268
91.49395847320557
91.60125684738159
91.5831367969513
91.74937582015991
91.46114945411682
91.0462703704834
91.19680976867676
91.54925322532654
91.0033028125763
91.08248353004456
90.8937304019928
91.22674107551575
91.72380352020264
91.08396935462952
91.13642859458923
91.55254793167114
91.46967434883118
91.70912837982178
91.51871275901794
92.02265548706055
91.44354486465454
91.60185360908508
91.17027306556702
90.94202661514282
91.08434915542603
91.16086053848267
91.21551966667175
90.95255708694458
91.16079831123352
91.13634896278381
91.4097969532013
91.68289971351624
90.91754794120789
90.66516470909119
93.0561511516571
91.19298887252808
90.64517498016357
90.53380966186523
91.23708868026733
90.65374755859375
90.85876107215881
91.12793803215027
90.90983009338379
90.89965391159058
91.72949409484863
91.65801763534546
91.40083813667297
92.04189372062683
91.94635915756226
91.49656701087952
91.16609525680542
91.26295757293701
91.69610834121704
92.38044857978821
92.73776149749756
91.39115405082703
91.91743779182434
91.53691101074219
92.3710024356842
91.18490314483643
92.3192081451416
91.33350348472595
92.29261493682861
92.36946201324463
92.56242489814758
91.84800291061401
92.49247574806213
91.44835877418518
91.13663220405579
91.11196970939636
91.16321396827698
91.65550923347473
91.54832887649536
91.01932716369629
91.07492899894714
91.14733672142029
92.17870473861694
90.89416217803955
90.28447794914246
90.91608047485352
94.3989737033844
90.86575293540955
90.95693159103394
91.94150948524475
90.7631425857544
91.91065311431885
91.31680607795715
90.86149764060974
91.31246876716614
90.69928216934204
91.09983444213867
91.15408134460449
91.3543848991394
91.12026619911194
90.55233240127563
90.61891174316406
90.45134234428406
90.8394205570221
90.89636445045471
91.47440481185913
91.22717452049255
91.12127614021301
90.8673448562622
91.03868699073792
91.60520243644714
90.67432427406311
91.29499220848083
91.44921374320984
90.62618947029114
90.35511636734009
90.97651815414429
90.71382260322571
90.45182228088379
90.47635436058044
90.90143775939941
90.51939988136292
90.62068152427673
90.80191612243652
90.85267949104309
90.14857959747314
90.60856676101685
90.54164600372314
90.6294333934784
90.64952397346497
91.32518315315247
90.90618634223938
92.8042733669281
91.34948825836182
91.29721736907959
91.80479764938354
95.69949722290039
95.79109811782837
95.42082738876343
92.64187932014465
90.96227979660034
91.53414916992188
91.11610817909241
96.67061471939087
98.21981143951416
103.32906198501587
100.72177815437317
103.31395626068115
100.358651638031
103.2664623260498
102.18201088905334
102.14857268333435
100.36297512054443
98.45499777793884
98.90649604797363
98.6194338798523
101.1425199508667
97.44430208206177
103.02526807785034
98.33450961112976
101.57140111923218
99.82915782928467
101.93951725959778
101.5108118057251
97.5291850566864
101.22514128684998
96.32182002067566
100.4294228553772
100.75191760063171
99.49429368972778
100.17317318916321
99.54582381248474
101.7641851902008
98.77867484092712
103.39677953720093
98.0036518573761
101.04068970680237
98.40636658668518
97.95284581184387
99.55385422706604
98.26980566978455
100.18832039833069
97.51399374008179
100.76623034477234
98.71949362754822
98.76586866378784
99.42686700820923
99.07584547996521
101.79539203643799
100.53519535064697
102.80237030982971
98.12779593467712
104.49100351333618
103.99891376495361
105.15295433998108
104.18445992469788
102.46520662307739
104.41429662704468
102.31463742256165
104.73564219474792
103.01672697067261
105.41779208183289
103.7489504814148
104.79721975326538
105.87087178230286
102.78266096115112
103.89975595474243
98.23331260681152
99.56655859947205
98.69660329818726
99.09719705581665
96.88324189186096
97.69118356704712
97.93012404441833
100.00551295280457
98.99161696434021
97.8003716468811
99.0786726474762
95.78077173233032
99.22904253005981
99.52141618728638
100.60912036895752
100.5403220653534
101.69155287742615
103.82792401313782
100.8169059753418
103.68522953987122
103.11224484443665
103.35991168022156
102.48927092552185
104.04067277908325
104.01760864257812
103.66739678382874
101.71409678459167
100.5780189037323
100.13296914100647
100.79074549674988
101.74958062171936
103.03085088729858
99.76811122894287
102.58161211013794
100.96014833450317
103.87730860710144
101.18979167938232
101.83812403678894
100.81298589706421
102.95452427864075
100.95420718193054
100.16500425338745
103.34983658790588
102.35471391677856
101.43365359306335
103.31504440307617
100.7415223121643
102.14839172363281
101.46999669075012
105.63100409507751
101.06758093833923
101.41633987426758
97.97019457817078
100.98170924186707
97.72360634803772
100.04768586158752
98.94809031486511
99.28977346420288
98.58983111381531
98.38045001029968
99.06027102470398
99.9272038936615
97.7072377204895
98.37050318717957
97.53283953666687
98.78213381767273
96.61886954307556
98.74513936042786
95.24113702774048
99.12589287757874
95.55517268180847
98.52846264839172
96.75013375282288
99.59830665588379
94.70219922065735
96.0581476688385
95.43330788612366
96.00328373908997
97.25664973258972
97.17611527442932
97.0449447631836
95.30330443382263
97.01158475875854
96.342453956604
97.09311032295227
97.17316746711731
96.91410803794861
97.25661945343018
95.11197018623352
97.03333783149719
97.07759523391724
100.86614990234375
97.10393595695496
97.42702865600586
98.17354440689087
97.07394742965698
99.4705560207367
96.21802258491516
98.23604369163513
95.35323333740234
98.08790135383606
95.81705474853516
96.7113528251648
96.42013430595398
95.50879192352295
97.27969789505005
96.11846494674683
98.13250660896301
96.74115014076233
98.3925404548645
97.08476138114929
97.65595006942749
98.03502440452576
96.81940126419067
98.37104225158691
96.79643130302429
99.2164044380188
96.40981030464172
99.62955212593079
97.03755354881287
98.38390874862671
97.95702338218689
97.07129836082458
97.77812790870667
97.36317849159241
98.46012926101685
96.66274166107178
100.42108678817749
99.02407097816467
99.40594410896301
98.7199215888977
97.19389152526855
98.34860324859619
97.25713634490967
99.35029220581055
97.01300120353699
98.84029841423035
97.61531686782837
99.44550681114197
96.82740664482117
98.41412734985352
99.0048258304596
98.62659025192261
98.928213596344
95.64988136291504
99.51290893554688
95.73352074623108
96.89133930206299
94.07306551933289
95.72783303260803
96.97031736373901
96.91822695732117
98.58937501907349
96.58101081848145
98.24462747573853
97.13146376609802
99.01206398010254
97.66934251785278
98.68276906013489
98.50681042671204
98.2183575630188
98.32906532287598
97.87799906730652
100.48481440544128
98.3803219795227
100.68108367919922
98.49414706230164
101.4965877532959
99.17247271537781
100.00674724578857
100.26039862632751
98.4766857624054
100.31454515457153
98.74009537696838
100.32834267616272
99.01554489135742
102.35457348823547
101.06547427177429
101.7754237651825
100.9140055179596
101.20393896102905
100.69762849807739
101.73584175109863
99.93922448158264
100.54919958114624
101.74162745475769
101.75676774978638
102.17750692367554
99.80466675758362
102.24293923377991
100.36343264579773
102.9121778011322
102.53027153015137
101.77869462966919
100.71339344978333
98.76910853385925
101.08096885681152
98.02270150184631
100.11866474151611
97.65642285346985
99.1868245601654
99.2917582988739
99.68244767189026
99.0703866481781
99.95982646942139
100.2662718296051
98.01153469085693
98.82173919677734
96.70035552978516
100.09722375869751
98.78847146034241
100.59677028656006
100.515620470047
101.10291194915771
100.72026753425598
100.32748818397522
101.03512072563171
98.9114077091217
101.16807222366333
99.85097575187683
100.27030324935913
99.21995329856873
99.7834210395813
99.11970949172974
99.88552927970886
99.25129532814026
100.10526847839355
99.32057595252991
98.101646900177
98.68828201293945
99.01459264755249
100.81933259963989
101.64918446540833
99.98167848587036
101.40366554260254
100.85453033447266
102.26382112503052
101.16152930259705
100.66548752784729
99.94435930252075
100.27400660514832
101.8486168384552
101.70666313171387
102.5694510936737
102.45240569114685
104.15342307090759
101.35258030891418
102.71953201293945
99.44681072235107
102.99908924102783
102.50737881660461
102.94413304328918
103.14690852165222
102.15995383262634
102.51724100112915
103.54085516929626
103.61251902580261
104.2136800289154
102.98347496986389
103.27236866950989
101.78687572479248
103.65237498283386
102.64628505706787
103.96648263931274
100.21627736091614
104.13701272010803
101.92839932441711
106.62630987167358
103.79958486557007
108.37440395355225
106.86752557754517
108.51521158218384
106.0067229270935