
10801.523834943771
1608.329733133316
884.2036092281342
615.6698942184448
463.5479898452759
398.3739175796509
390.2419857978821
298.5629255771637
263.080162525177
237.68608784675598
217.79171991348267
199.03764295578003
184.88804602622986
172.27393102645874
162.4832000732422
152.29630279541016
145.64425492286682
136.83226108551025
130.15120315551758
127.10527086257935
121.75591683387756
118.052903175354
114.44391083717346
108.25090885162354
104.88174057006836
101.81640982627869
96.98756146430969
94.95430588722229
95.62778091430664
89.71888136863708
87.03215980529785
92.97411870956421
83.22852230072021
81.35575199127197
80.36381769180298
81.13503646850586
76.3442633152008
75.01745057106018
76.26241827011108
72.7919499874115
71.16815519332886
70.75354409217834
68.41276478767395
67.52208018302917
68.54704546928406
65.92650771141052
66.09406733512878
64.15181732177734
65.84025621414185
62.466139793395996
61.46918177604675
60.552523612976074
59.97695803642273
59.182517290115356
58.56312847137451
58.57902240753174
57.95646691322327
57.18464946746826
56.935675859451294
56.69709873199463
56.038825035095215
55.52007699012756
55.47475218772888
54.03178811073303
54.17792749404907
53.22910404205322
52.36587142944336
52.76296257972717
51.682085275650024
51.83719730377197
51.03247666358948
51.37427496910095
50.22625374794006
50.522103786468506
50.15946078300476
49.16726851463318
49.644288778305054
52.765506982803345
54.26703929901123
62.61941647529602
73.87313842773438
74.47600626945496
73.55388355255127
73.16977834701538
73.23365616798401
72.24881029129028
71.11494040489197
71.18603587150574
72.44860029220581
70.74056959152222
70.80793929100037
71.24288153648376
69.92675828933716
69.70338749885559
70.49870419502258
70.35585427284241
68.50515961647034
66.92409110069275
67.35844111442566
66.37747120857239
65.67226362228394
66.18100571632385
67.21128129959106
67.48977589607239
65.93912053108215
65.9146146774292
66.18837451934814
64.67714095115662
64.97579860687256
64.35887861251831
63.415831565856934
62.17983269691467
62.03718137741089
62.054182052612305
61.98652791976929
61.329758405685425
61.89302682876587
61.50572109222412
62.34241819381714
60.48858308792114
60.206385135650635
59.978710412979126
60.1341769695282
59.952277421951294
61.03928089141846
61.10429668426514
60.57796907424927
61.18947672843933
61.29847049713135
61.0340735912323
61.38423752784729
61.18127155303955
60.33514904975891
57.923545122146606
57.66918611526489
58.00994944572449
57.88661599159241
57.241124391555786
57.78384351730347
57.23985958099365
56.40523934364319
56.4972243309021
57.732825756073
57.54547142982483
57.73541569709778
57.69481301307678
57.55168890953064
57.68560814857483
58.09691143035889
56.601476192474365
56.59596133232117
56.53740739822388
56.671730279922485
56.9307975769043
56.593645095825195
56.74053692817688
56.18762159347534
56.402347564697266
56.20321750640869
54.82590460777283
54.76216983795166
55.671010971069336
55.90286374092102
56.43803071975708
56.95035147666931
56.75390005111694
56.27677607536316
56.08916449546814
56.651875495910645
57.34354305267334
55.87078404426575
55.79935336112976
55.787379026412964
56.087385416030884
55.71005916595459
55.82313823699951
55.69360852241516
56.188499212265015
55.9141047000885
55.9997763633728
55.747618675231934
55.9579222202301
56.1769540309906
56.29978132247925
54.163594484329224
53.81753468513489
53.68300914764404
53.823155879974365
53.8410108089447
54.07986116409302
53.34864854812622
53.36799454689026
53.46112322807312
53.93340873718262
54.021554946899414
54.306636333465576
53.67911911010742
53.98202633857727
55.10375690460205
53.49178075790405
53.11958169937134
53.143847703933716
53.46500515937805
53.41239094734192
53.648709535598755
52.83388805389404
53.21566653251648
53.840867042541504
53.31192064285278
52.88598656654358
52.77392339706421
53.223938941955566
53.855602502822876
53.48943591117859
52.96550107002258
53.3267138004303
53.69990801811218
52.267561197280884
52.26786470413208
52.276806354522705
52.00625038146973
52.26357841491699
52.48126673698425
52.579498291015625
52.89543652534485
52.440746784210205
52.27930951118469
51.99862837791443
52.71568751335144
53.030073165893555
53.143428564071655
52.44372224807739
52.258827924728394
52.10778331756592
51.910420179367065
52.40733766555786
52.60472536087036
52.20526075363159
50.91006088256836
50.66971707344055
50.667205572128296
50.35126733779907
49.527907609939575
49.037389039993286
49.52824068069458
49.62759613990784
49.61720371246338
49.5986967086792
49.202659368515015
49.4849214553833
49.407957792282104
49.141042947769165
49.00925827026367
49.07814002037048
49.07106137275696
49.41517996788025
49.225446701049805
49.671900510787964
50.06083583831787
49.68950843811035
49.757636308670044
49.6617546081543
49.810771465301514
50.97444248199463
50.86664080619812
49.389814376831055
49.50150728225708
49.61806583404541
49.41667675971985
49.35633563995361
49.84422945976257
50.05696988105774
49.80559515953064
49.65001153945923
49.64203405380249
49.84109854698181
49.12214541435242
49.53448843955994
49.66345000267029
49.07761883735657
49.15559220314026
48.85313034057617
49.454150676727295
49.19389581680298
49.30060148239136
49.04728412628174
49.36949586868286
49.55641746520996
49.76828622817993
49.56637001037598
49.61449193954468
49.97305369377136
48.91615271568298
49.145153522491455
49.63924717903137
49.429569721221924
49.224831342697144
49.027745723724365
47.5964298248291
47.79791569709778
48.170623540878296
47.38376498222351
47.45686483383179
47.44796633720398
47.682804346084595
47.82959985733032
47.952282190322876
47.74130892753601
47.76927185058594
48.380770206451416
47.792075634002686
47.713988304138184
48.49695897102356
47.987934589385986
47.520936489105225
47.4772572517395
46.77084231376648
47.03628849983215
47.31302857398987
47.73325204849243
47.34861159324646
47.35558366775513
47.146806955337524
47.51774501800537
47.613460302352905
47.18903732299805
47.1501259803772
47.264007806777954
47.15885376930237
47.195499897003174
47.22081995010376
47.2113721370697
46.78768563270569
46.787896394729614
47.02009415626526
47.074782609939575
47.134308099746704
46.878671169281006
46.80901312828064
46.252379417419434
46.20305132865906
45.04647612571716
44.80265402793884
44.51163029670715
45.05808877944946
44.969606161117554
45.11163902282715
44.88435077667236
44.974950075149536
45.23856568336487
44.919556617736816
44.745256185531616
44.521584272384644
44.56481671333313
44.77300548553467
44.803465843200684
44.747947454452515
44.682066202163696
44.96348166465759
44.782899618148804
44.655035734176636
44.441362380981445
44.28377628326416
43.95073580741882
44.080270528793335
44.55571937561035
44.52609324455261
44.606685161590576
44.28614068031311
44.38140511512756
44.698142290115356
44.504212856292725
44.67377948760986
44.68179941177368
45.039198875427246
44.99358153343201
44.81584572792053
44.68072700500488
44.7756884098053
44.88282775878906
45.04990243911743
44.70368766784668
44.947521448135376
44.94164800643921
44.95628237724304
44.94458723068237
45.11074352264404
45.03898477554321
44.99342107772827
44.931660413742065
44.5458710193634
44.61108446121216
44.64711284637451
44.655686140060425
44.73803687095642
44.51269173622131
44.70576810836792
43.21506428718567
43.1851851940155
43.10257387161255
43.109689474105835
43.24778366088867
43.0502290725708
43.0747926235199
42.97292733192444
42.7267529964447
42.52293014526367
42.76329565048218
42.50739789009094
42.776206731796265
42.66525721549988
41.77865529060364
42.2603759765625
42.083942890167236
41.95512008666992
42.18358039855957
42.33291530609131
42.7079815864563
42.48944449424744
42.15293526649475
41.29790282249451
41.29197597503662
40.87966060638428
41.45014190673828
40.51333260536194
41.10960030555725
40.722235679626465
40.48360872268677
40.31625556945801
40.38778376579285
39.92740225791931
39.77116394042969
39.54964017868042
40.5403835773468
40.92356753349304
39.88529133796692
41.10924243927002
40.79232621192932
40.2838716506958
40.028006076812744
39.36974835395813
39.83568215370178
40.138747692108154
39.61138415336609
40.27349925041199
40.00042462348938
39.39515042304993
39.66191124916077
40.03618288040161
39.55268836021423
40.13623642921448
40.47025227546692
40.12163472175598
39.560757875442505
40.834211587905884
39.9548921585083
40.019972801208496
39.81093215942383
39.81018304824829
39.60176753997803
38.756839752197266
39.17199945449829
39.8678834438324
38.93943977355957
39.16577386856079
39.74816942214966
39.077096939086914
39.335647106170654
39.36370539665222
38.78277230262756
39.37165188789368
39.75224947929382
39.529305934906006
38.895190954208374
39.33633613586426
39.00420427322388
38.98038148880005
37.126545667648315
37.45253038406372
37.39938688278198
38.18285322189331
38.01542329788208
37.493871450424194
37.94922637939453
38.35323095321655
37.67814111709595
37.0860321521759
36.778265953063965
37.20382046699524
37.043896436691284
37.904982566833496
38.17531418800354
38.215574741363525
38.034661293029785
37.10362648963928
37.69122123718262
37.985464572906494
37.96752452850342
37.941612005233765
37.52108693122864
37.759231090545654
37.6846387386322
36.53808784484863
37.229708671569824
37.36887454986572
37.42706036567688
36.859833002090454
37.23782563209534
37.302688121795654
36.581948041915894
36.853365421295166
36.4315972328186
36.88748908042908
37.638606548309326
37.238640785217285
37.01519799232483
36.7021381855011
36.5797815322876
36.47509455680847
35.528985261917114
36.88710045814514
36.737905502319336
36.19556498527527
36.22147178649902
36.69066786766052
36.399086475372314
36.334747076034546
36.2687201499939
35.80419993400574
35.59269642829895
36.347697257995605
36.49684143066406
36.373924255371094
36.19952750205994
36.781137466430664
35.465452671051025
36.369152307510376
36.289915800094604
36.58990168571472
36.54769039154053
36.13282513618469
36.550853967666626
36.022653579711914
36.38403940200806
37.05889534950256
36.58630442619324
36.71297526359558
36.47704219818115
35.41646766662598
36.31799077987671
36.08915138244629
36.18078374862671
35.927825689315796
35.783231258392334
36.316675424575806
35.86827564239502
35.217756032943726
36.17865753173828
35.3642463684082
35.55519700050354
35.69938945770264
34.6093966960907
35.42397928237915
35.039642095565796
35.920236110687256
35.74670433998108
34.93435335159302
35.03114080429077
34.91959023475647
35.810874938964844
35.88497567176819
35.03040814399719
35.52525544166565
35.275490045547485
34.92850160598755
35.74242687225342
35.635146141052246
36.178659439086914
36.021084785461426
35.9018988609314
34.896347999572754
35.55848264694214
35.448620080947876
35.64069437980652
35.5707483291626
35.26481080055237
35.02371549606323
34.405410051345825
35.40632486343384
35.7483434677124
34.89138126373291
34.777737855911255
34.537978172302246
34.69413948059082
34.4555459022522
35.04578709602356
33.720402240753174
32.82421374320984
32.69335651397705
32.90569567680359
33.734060525894165
33.78116583824158
34.13513231277466
33.07612180709839
33.09413242340088
33.568363904953
34.002535581588745
33.63342523574829
33.488852977752686
33.25451183319092
33.70215892791748
33.66256523132324
33.21900153160095
33.69839406013489
33.40003228187561
33.17628526687622
32.3504683971405
32.98998522758484
33.923025608062744
33.797558307647705
33.16957449913025
34.0153706073761
32.67872929573059
33.815603256225586
33.70711612701416
33.31630563735962
33.70485329627991
33.47378206253052
32.14331388473511
32.22501230239868
33.47317719459534
32.79127621650696
33.558714866638184
33.87724208831787
32.640764474868774
32.35525178909302
32.68836808204651
33.82735085487366
33.29322671890259
33.15263032913208
33.78239154815674
31.327863454818726
32.90622305870056
33.26127099990845
33.35480523109436
33.8346734046936
33.224708557128906
32.082279205322266
33.0410897731781
32.923622846603394
34.01933169364929
33.854572057724
33.661269187927246
33.65003037452698
34.33879280090332
33.498016119003296
33.05074644088745
33.7147159576416
34.18217349052429
32.84736466407776
33.526278018951416
33.81313991546631
33.73064994812012
33.01413559913635
33.00357437133789
32.57967972755432
33.53720760345459
33.807368516922
33.67379903793335
33.51229453086853
33.476115465164185
32.39922332763672
33.63935112953186
34.587318658828735
33.8999400138855
32.88457012176514
32.80747175216675
32.251378297805786
32.380637645721436
33.15337300300598
33.42561221122742
32.619367837905884
33.30728268623352
32.21082305908203
32.37331700325012
32.60476064682007
33.06621432304382
33.09038066864014
32.59213876724243
31.765019416809082
31.693328142166138
32.69625949859619
33.07027721405029
32.33504939079285
32.66427803039551
31.878998517990112
33.00615739822388
32.724183559417725
32.25576996803284
33.11357855796814
32.007856130599976
32.61309218406677
32.998305797576904
32.84201264381409
32.82108235359192
32.577847480773926
32.668028831481934
32.36437463760376
32.29319453239441
32.916316509246826
33.21042442321777
33.004838705062866
32.92850184440613
33.32590913772583
32.95983338356018
32.56757068634033
31.825464963912964
33.25140905380249
33.82690238952637
32.6484055519104
32.87842011451721
33.06128668785095
32.34440565109253
31.66109800338745
32.320125579833984
32.432374715805054
32.494452476501465
32.73595476150513
32.260217905044556
32.5851776599884
32.968478202819824
31.186739683151245
32.283812046051025
30.895113468170166
29.835779190063477
31.73920702934265
31.63460612297058
31.345157623291016
31.254836797714233
31.031474113464355
31.01195502281189
30.925323963165283
30.995583057403564
31.604689359664917
30.60040593147278
30.12164616584778
29.87333846092224
28.615633964538574
29.920984745025635
29.608661890029907
30.288429975509644
29.621594429016113
31.66172742843628
30.27446961402893
30.90175771713257
31.00872254371643
29.640647888183594
29.77987241744995
31.312487363815308
31.28679847717285
30.559170484542847
29.637137413024902
30.54396963119507
30.26735210418701
30.301992177963257
29.715515613555908
29.80706214904785
29.59990644454956
28.670998334884644
29.511000394821167
30.362415313720703
30.043402433395386
29.98249650001526
29.223326444625854
28.208982706069946
28.760302543640137
29.494539737701416
29.93171763420105
29.109126329421997
28.741641998291016
28.82039475440979
28.552201986312866
28.023070096969604
29.24734377861023
28.562610864639282
27.82476282119751
29.350144624710083
28.117320775985718
28.941754817962646
28.357056140899658
28.475789070129395
27.61159348487854
29.05532956123352
29.038789987564087
27.338125467300415
26.921599864959717
27.75541400909424
26.93689775466919
28.302207708358765
26.32495379447937
26.703619718551636
27.959479331970215
27.222022771835327
28.247865200042725
27.01582932472229
27.73086404800415
27.62172222137451
27.469951391220093
27.37187647819519
27.32145619392395
28.733996629714966
29.26217293739319
29.55540895462036
28.65814471244812
27.207714796066284
28.376911401748657
28.455451011657715
28.977649211883545
27.97122025489807
27.658478260040283
28.31443500518799
28.953413009643555
27.821110248565674
27.975671529769897
28.166896104812622
27.30795383453369
27.600059747695923
27.096827745437622
27.189785718917847
27.579256534576416
27.183062076568604
27.25739550590515
26.64409303665161
26.32388210296631
27.5502610206604
27.681106328964233
26.655163526535034
27.10050630569458
26.86463737487793
27.56732940673828
27.634303092956543
27.243891716003418
26.86253309249878
27.426685571670532
27.075318336486816
26.238015174865723
25.851161241531372
26.09062695503235
26.084020853042603
27.059953212738037
26.984407901763916
25.880009412765503
25.88653540611267
26.4191997051239
25.873225688934326
25.813004732131958
26.078148126602173
25.805014610290527
25.994484663009644
26.490810871124268
26.554412364959717
26.01664638519287
26.263104677200317
25.92468786239624
25.792632818222046
25.98399329185486
26.26245093345642
25.74623417854309
26.26215887069702
26.562982320785522
25.835238695144653
26.53176712989807
27.383113861083984
26.62678623199463
27.113443851470947
26.518933296203613
26.42547059059143
26.618056297302246
26.197712898254395
25.987615823745728
26.29346466064453
25.866151332855225
26.216620683670044
26.061428785324097
25.91296935081482
26.269540548324585
26.022450923919678
25.97537064552307
26.287537813186646
25.814053058624268
25.8479642868042
26.541976928710938
25.880861043930054
26.139167070388794
25.75269079208374
26.10348677635193
25.769925117492676
26.06147336959839
26.495479106903076
26.638071537017822
25.825006246566772
26.110363960266113
25.743895530700684
26.06551957130432
26.153008937835693
26.20226263999939
25.752970695495605
26.21525549888611
25.73200488090515
26.06989288330078
25.725607872009277
25.964682579040527
25.845502614974976
26.1151602268219
26.401034593582153
26.156518697738647
25.798306703567505
26.140398263931274
25.87253999710083
26.41551637649536
26.333085298538208
26.207655668258667
26.51410937309265
25.995904684066772
25.87792730331421
26.434744596481323
27.07687783241272
26.17141032218933
25.971553802490234
26.40833878517151
25.944018363952637
26.56576943397522
25.928789615631104
25.80632972717285
26.048946380615234
26.996676206588745
26.532310247421265
26.2076997756958
26.105932474136353
25.948511838912964
27.058461904525757
27.14498543739319
26.767046689987183
25.88930106163025
26.573975801467896
26.53927755355835
26.160002946853638
27.320855379104614
25.96640396118164
26.14537000656128
26.101051568984985
26.217029094696045
25.801395893096924
25.713075399398804
25.720438480377197
25.88298988342285
26.50264286994934
26.665215015411377
25.888933420181274
26.34982681274414
26.007795810699463
26.458803176879883
26.42855143547058
26.870644569396973
26.24149250984192
26.525237560272217
27.522949695587158
26.054550647735596
26.810511112213135
26.273754358291626
25.955626726150513
26.42530083656311
27.65644359588623
26.20393991470337
26.849544525146484
26.609452962875366
25.92133593559265
26.955276012420654
26.39454674720764
25.851348161697388
25.851179599761963
26.309144973754883
26.62937021255493
27.147756576538086
26.355773448944092
25.85886859893799
26.35471749305725
26.547089099884033
27.12862777709961
26.34043002128601
26.023854970932007
26.490278959274292
26.21243691444397
27.135868787765503
25.881585836410522
26.682857751846313
26.150938987731934
26.4478759765625
26.402270793914795
26.1704318523407